-2.6966568e-02,-2.8121794e-02,-2.1632584e-02,-6.5792918e-01,9.4289726e-01,-3.4656607e-02,-3.1233433e-01,-6.9813168e-01,-5.7390076e-01,2.7885795e-01,-1.4299186e-01,1.0711088e+00,1.0001080e+00,2.4124105e-01,-2.0094071e-01,-40.4520534218,
6.7759529e-03,-1.9633166e-02,5.6294822e-03,-5.9352368e-01,7.8569943e-01,-2.2227913e-01,-5.8460009e-01,-7.3271388e-01,-5.6984323e-01,1.1037330e-01,-2.8664464e-01,1.0599852e+00,9.8720068e-01,4.6462202e-01,-3.4339967e-01,-40.4798612842,
5.5795431e-02,-1.2000068e-02,-1.4503749e-02,-8.1973743e-01,7.1123546e-01,-6.4853638e-02,-6.6720217e-01,-6.8578303e-01,-5.7020205e-01,-9.5435157e-02,-2.2525364e-01,1.1852449e+00,9.1969323e-01,3.4145898e-01,-3.7336141e-01,-40.4572718900,
-2.1959085e-02,-1.8985219e-02,-2.1173324e-02,-5.2955413e-01,1.0192856e+00,4.5948543e-02,-2.5642079e-01,-8.8529730e-01,-4.6365294e-01,7.5380445e-02,-2.5016657e-01,1.0178660e+00,9.6079654e-01,3.3894321e-01,-3.4138945e-01,-40.4768838440,
1.2110108e-02,-2.0164896e-02,1.5484734e-02,-7.4757141e-01,8.1294250e-01,-1.7751247e-01,-4.4782275e-01,-6.2164170e-01,-6.1202341e-01,9.3309380e-02,-2.1586780e-01,9.9619496e-01,9.5323205e-01,2.7085805e-01,-3.9801037e-01,-40.4750568408,
3.4515586e-02,2.7980601e-02,-2.2936137e-02,-8.7464607e-01,6.9008791e-01,-9.2460811e-03,-6.1438739e-01,-8.7322772e-01,-5.3292525e-01,2.6780032e-02,-3.2121605e-01,1.0901005e+00,1.0542064e+00,1.6948080e-01,-2.6340628e-01,-40.4677831330,
-1.0094602e-02,-4.8125461e-03,-1.2602698e-03,-6.5133619e-01,9.4260782e-01,-1.1341078e-01,-4.2385390e-01,-8.9557081e-01,-5.6033033e-01,1.7171040e-01,-3.0345616e-01,9.8174888e-01,1.0198268e+00,3.1211385e-01,-2.9778033e-01,-40.4924956093,
-1.3383433e-03,-1.6817123e-02,-1.8655375e-02,-6.4830929e-01,9.8320109e-01,3.7379920e-02,-3.2639799e-01,-8.5023183e-01,-5.5776662e-01,8.1910715e-02,-1.9476996e-01,1.0530702e+00,9.0262979e-01,2.6224947e-01,-3.0880016e-01,-40.4807686970,
-6.3481103e-03,-2.5207112e-02,1.8143849e-02,-6.3046241e-01,9.0989172e-01,-2.6698563e-01,-4.5896024e-01,-7.0828372e-01,-5.8869880e-01,1.4595844e-01,-3.1806013e-01,1.0534285e+00,1.0145859e+00,4.2148858e-01,-4.2320704e-01,-40.4790446781,
-3.2156371e-02,3.3107125e-03,1.3008201e-02,-4.6059012e-01,9.4660079e-01,-2.1314982e-01,-2.4481905e-01,-8.6876518e-01,-5.3827512e-01,1.9397393e-01,-4.2003638e-01,9.9779260e-01,8.9785391e-01,3.1211516e-01,-4.0820843e-01,-40.4779723008,
6.9116871e-03,2.5377870e-02,-1.6095830e-02,-7.5025576e-01,7.8041071e-01,1.3714495e-01,-3.2280964e-01,-9.2171103e-01,-6.0265827e-01,-1.4378801e-03,-2.2142532e-01,1.0444582e+00,9.9414897e-01,5.9245303e-02,-3.7785766e-01,-40.4764852174,
-2.0432374e-02,1.4532169e-03,-4.7000363e-03,-5.9884679e-01,9.9895823e-01,-8.5698813e-03,-3.5979384e-01,-1.0310749e+00,-4.6348745e-01,1.0138736e-01,-3.2730269e-01,8.4781104e-01,1.0901664e+00,3.2901776e-01,-3.2033101e-01,-40.4492033309,
2.5134716e-02,1.2808056e-02,1.9932142e-02,-7.4413347e-01,7.2883236e-01,-8.2599998e-02,-4.2537242e-01,-7.8296041e-01,-6.3603789e-01,-6.3752547e-02,-2.7987972e-01,9.9627340e-01,9.3977338e-01,1.8218520e-01,-5.1986253e-01,-40.4844167276,
-1.5619872e-02,-1.1071500e-02,3.7947472e-02,-6.3386899e-01,7.5975245e-01,-3.7788838e-01,-5.2731109e-01,-6.8712819e-01,-7.7347052e-01,3.0321133e-01,-2.7923813e-01,1.0578166e+00,1.0513204e+00,3.4674326e-01,-3.8132921e-01,-40.4574817744,
-2.1220639e-02,3.5530289e-03,5.9834737e-03,-4.7379869e-01,8.7359583e-01,-1.1805225e-01,-2.5146013e-01,-8.4405285e-01,-5.8145839e-01,7.7637799e-02,-3.6229366e-01,1.1198794e+00,9.0622747e-01,2.9829967e-01,-4.9279395e-01,-40.4757676884,
2.2904156e-02,3.4392327e-02,-1.6997095e-02,-9.2995214e-01,8.6183804e-01,7.0629515e-02,-3.9690217e-01,-9.5735699e-01,-5.4582477e-01,3.0692063e-02,-3.2302365e-01,1.0043099e+00,1.0223846e+00,1.2177914e-02,-3.1498700e-01,-40.4595618666,
-2.1556998e-02,2.6715416e-02,2.2230592e-02,-6.8674302e-01,1.0404176e+00,-2.4696803e-01,-2.6387462e-01,-9.8942554e-01,-5.3987533e-01,2.2889362e-01,-5.2537787e-01,9.0445298e-01,9.8066044e-01,1.6871759e-01,-3.8954574e-01,-40.4588626219,
2.4682904e-02,5.7119713e-03,-1.1740804e-02,-7.8388608e-01,5.9224629e-01,-4.5532510e-03,-6.1035788e-01,-7.2230029e-01,-5.2635264e-01,-4.0486403e-02,-2.2179645e-01,1.0463752e+00,1.1363472e+00,2.7488890e-01,-3.6496755e-01,-40.4591299743,
-1.1756331e-02,1.4820320e-02,-2.6579245e-04,-7.2225028e-01,8.0067927e-01,-6.3942805e-02,-3.7623280e-01,-8.4343404e-01,-6.1536855e-01,1.5240596e-01,-2.8981975e-01,1.0456811e+00,1.0858288e+00,1.6020618e-01,-3.6041352e-01,-40.4933007643,
-6.6698175e-03,1.0648425e-02,6.3850693e-03,-6.5257847e-01,8.4258181e-01,-1.3536838e-01,-3.8883844e-01,-8.5700458e-01,-5.8360320e-01,1.1824541e-01,-3.5512844e-01,1.0397583e+00,1.0051814e+00,2.4709462e-01,-3.9861101e-01,-40.4992725913,
2.7688597e-03,1.3341079e-02,1.2870854e-03,-7.0613873e-01,8.5221559e-01,-1.2866783e-01,-4.2070389e-01,-8.6305499e-01,-5.3053534e-01,1.1002708e-01,-3.7323704e-01,9.9084985e-01,9.8449612e-01,2.2903112e-01,-3.4666312e-01,-40.4975570211,
-3.9007689e-03,1.5295246e-03,2.3829539e-03,-6.4016813e-01,8.7136412e-01,-7.6900430e-02,-3.7974450e-01,-8.6585754e-01,-6.3148963e-01,1.0056885e-01,-2.7599791e-01,1.0676652e+00,9.6857941e-01,2.5413674e-01,-3.9191058e-01,-40.4996743064,
-1.7355276e-02,2.6289457e-02,4.7109863e-03,-8.1696063e-01,8.0780208e-01,-1.5251942e-01,-2.8867114e-01,-7.5561112e-01,-6.3555181e-01,3.1812567e-01,-3.1975484e-01,9.9222934e-01,9.9624336e-01,-2.4741977e-02,-2.5908446e-01,-40.4629072684,
-1.3445660e-02,-2.7649999e-02,-1.0070932e-02,-5.8579004e-01,9.2965651e-01,-1.0880955e-01,-4.1787884e-01,-7.6004261e-01,-5.2564472e-01,1.6202533e-01,-2.3926231e-01,1.0471715e+00,9.9283862e-01,3.9878708e-01,-2.9376400e-01,-40.4838983623,
3.7637409e-02,2.9965577e-04,2.4094744e-02,-7.9328454e-01,8.1648993e-01,-1.4652324e-01,-3.9501169e-01,-6.9116497e-01,-5.9359616e-01,-1.1017728e-01,-3.2312873e-01,1.0264980e+00,8.5318995e-01,2.0312780e-01,-5.7718897e-01,-40.4715597492,
2.4829369e-02,-2.8120358e-03,1.3793129e-02,-8.1118327e-01,8.2936531e-01,-3.0072457e-01,-6.9730604e-01,-8.0122226e-01,-5.3988677e-01,1.2608841e-01,-4.0085927e-01,9.8247886e-01,1.0848038e+00,4.0427399e-01,-3.1456256e-01,-40.4561336615,
-1.6339974e-03,7.5825942e-03,-4.3710284e-03,-6.1277610e-01,8.6253744e-01,-1.5489832e-03,-3.6725998e-01,-9.1916656e-01,-4.6788400e-01,-1.7164491e-02,-3.3169374e-01,9.4170749e-01,1.0121399e+00,2.9046822e-01,-4.1551229e-01,-40.4859363731,
1.1613647e-02,-1.9255828e-02,1.6123170e-02,-6.9361836e-01,9.4116467e-01,-1.9860968e-01,-5.5567884e-01,-8.6107343e-01,-6.9329536e-01,1.4994796e-01,-2.3994072e-01,1.0112414e+00,9.6304071e-01,3.8515544e-01,-3.3143219e-01,-40.4741834414,
-8.0048945e-03,7.1033696e-03,-1.0643977e-02,-6.8502611e-01,9.5104927e-01,-1.7097461e-01,-4.4862661e-01,-9.0428901e-01,-4.5218664e-01,1.8954489e-01,-4.4200090e-01,1.0198185e+00,1.0350689e+00,3.1524003e-01,-2.6558587e-01,-40.4834134730,
3.3554424e-02,-6.4153327e-03,2.2916501e-02,-7.8416044e-01,7.3664600e-01,-2.4465105e-01,-6.1974812e-01,-6.9791692e-01,-6.2678260e-01,6.0599245e-02,-2.7663967e-01,9.5999897e-01,9.4687289e-01,3.1435567e-01,-3.7530503e-01,-40.4677927344,
-2.3976142e-02,-1.3577020e-02,-1.3322228e-02,-5.8644706e-01,9.3831480e-01,-2.1980628e-03,-2.6234210e-01,-8.0957359e-01,-5.8822644e-01,1.2681918e-01,-2.2806719e-01,1.1419570e+00,1.0019921e+00,2.6626462e-01,-3.8746709e-01,-40.4847803467,
-4.1033397e-03,-1.3558223e-02,2.4920985e-02,-6.5283936e-01,8.5980415e-01,-1.7813967e-01,-3.4495023e-01,-7.1128589e-01,-7.2092777e-01,8.1171155e-02,-2.5159508e-01,1.1324583e+00,9.6861482e-01,2.7401504e-01,-5.4018509e-01,-40.4863591375,
2.3332560e-02,-1.2466856e-02,4.4051157e-03,-7.1952403e-01,8.9856392e-01,-2.3748979e-01,-5.3906512e-01,-7.5575221e-01,-5.4677743e-01,1.3732535e-01,-3.2845700e-01,9.9505323e-01,8.4454298e-01,3.3991712e-01,-2.7338603e-01,-40.4619758966,
-2.0636220e-03,1.4431545e-02,7.5423419e-03,-6.8527865e-01,9.8018432e-01,-4.8880517e-02,-2.1546158e-01,-9.1260517e-01,-5.4240787e-01,3.8246643e-02,-3.6768681e-01,9.5768011e-01,8.8717508e-01,1.3586605e-01,-4.5617545e-01,-40.4738622814,
-4.8287800e-03,1.4434934e-02,6.2576798e-03,-6.4606476e-01,8.4541273e-01,-1.1240494e-01,-3.2029128e-01,-8.4038019e-01,-5.5564803e-01,6.3473903e-02,-3.7987953e-01,1.0512706e+00,9.6329099e-01,2.1062820e-01,-4.5561272e-01,-40.4964370203,
-1.3252065e-02,-5.2523874e-02,5.8213626e-03,-5.3373551e-01,9.5243561e-01,-1.9290136e-01,-4.4307670e-01,-6.6324162e-01,-6.3487709e-01,1.9530705e-01,-1.4941762e-01,1.0706606e+00,9.3205768e-01,4.8631173e-01,-3.2664192e-01,-40.4668257456,
-5.7358475e-04,3.7584403e-03,-2.7705405e-03,-6.7313159e-01,8.3944279e-01,-7.4147306e-02,-4.0522951e-01,-8.3635014e-01,-5.8016139e-01,1.0009766e-01,-2.8853992e-01,1.0440397e+00,9.8538363e-01,2.4272129e-01,-3.5671926e-01,-40.5011675702,
-1.6286120e-02,-1.4537260e-02,-9.9009471e-03,-6.7589402e-01,8.7646538e-01,-5.5510134e-02,-3.8827899e-01,-7.6900870e-01,-6.1901462e-01,2.2423308e-01,-1.7500514e-01,1.0451233e+00,1.0276868e+00,2.4344252e-01,-2.5393173e-01,-40.4899072965,
1.9044149e-03,9.9933892e-03,-9.0377368e-03,-7.0987278e-01,8.4264022e-01,-8.5990354e-03,-3.6461210e-01,-8.4535921e-01,-4.5643538e-01,9.8024309e-04,-3.4133098e-01,9.8990530e-01,1.0438820e+00,2.2441286e-01,-4.0591079e-01,-40.4914562522,
-1.0524709e-02,2.0896001e-02,6.5454897e-03,-5.7707703e-01,9.5317703e-01,-1.4166130e-01,-2.2489338e-01,-9.2119884e-01,-5.4516339e-01,3.4873232e-02,-4.9703002e-01,1.1606017e+00,9.0040660e-01,2.3094672e-01,-5.4766887e-01,-40.4681006069,
-1.7947007e-02,-3.0781347e-03,1.8580098e-02,-6.5749472e-01,8.9620656e-01,-3.6563677e-01,-3.8709199e-01,-6.9194555e-01,-5.4433006e-01,3.2253751e-01,-4.1988295e-01,9.6908766e-01,9.3535048e-01,2.7082038e-01,-2.8930441e-01,-40.4571302051,
7.1079875e-03,-1.6579680e-02,-1.3648383e-02,-7.1894729e-01,9.2708409e-01,4.1353874e-02,-4.2526579e-01,-8.5602695e-01,-6.4730293e-01,4.8926353e-02,-1.5659831e-01,1.1269960e+00,1.0063690e+00,2.7924934e-01,-3.5860956e-01,-40.4873144837,
-1.2414263e-02,1.3174847e-03,-1.5046095e-02,-7.0072615e-01,8.7733078e-01,-9.5698610e-02,-4.0750015e-01,-8.2266295e-01,-6.2056983e-01,2.4427193e-01,-2.7558285e-01,1.1477153e+00,1.0121590e+00,2.1472146e-01,-2.5001234e-01,-40.4859754492,
-1.1620879e-02,-4.5397701e-03,-1.4922916e-02,-6.6354579e-01,8.7613255e-01,8.7368637e-03,-3.8895044e-01,-8.6344546e-01,-6.1359215e-01,1.1388884e-01,-2.2431362e-01,1.1380289e+00,1.0735213e+00,2.6500908e-01,-3.5078827e-01,-40.4912041457,
-1.3344571e-02,1.5635476e-02,-2.0679079e-02,-6.8580562e-01,7.4326086e-01,1.1544292e-01,-3.3855933e-01,-8.5945737e-01,-5.1396751e-01,5.6309503e-02,-2.2092104e-01,9.9397045e-01,1.1198087e+00,1.4560661e-01,-3.3446780e-01,-40.4739674130,
1.1373386e-03,2.1377245e-02,-1.5324277e-02,-6.0971701e-01,9.0613496e-01,2.3308516e-02,-3.4711674e-01,-1.0125617e+00,-3.7648922e-01,-2.0192429e-02,-4.1567519e-01,8.9967078e-01,9.5984846e-01,2.6040232e-01,-3.5455796e-01,-40.4718407933,
-9.5512457e-03,3.5282698e-02,2.2809258e-02,-7.3546857e-01,8.4427679e-01,-4.9650487e-02,-2.0907567e-01,-9.2386502e-01,-6.6606927e-01,9.6150130e-02,-3.2851326e-01,9.1274166e-01,9.6850300e-01,-4.2414665e-03,-4.7361147e-01,-40.4616896209,
2.4511030e-02,4.4443021e-03,-2.2867873e-02,-7.7884412e-01,8.8347024e-01,-8.6727828e-02,-5.4618317e-01,-8.5602957e-01,-4.0844545e-01,4.0209051e-02,-3.9498365e-01,1.0464970e+00,9.8745394e-01,3.1504554e-01,-2.6838669e-01,-40.4808148153,
-2.3864374e-02,6.3979439e-04,1.9133039e-02,-5.1912808e-01,1.0135660e+00,-1.6230188e-01,-2.4301738e-01,-9.3711478e-01,-6.2045747e-01,1.3696653e-01,-3.7342250e-01,1.0142349e+00,9.1350633e-01,2.9491052e-01,-4.7086987e-01,-40.4818708061,
-1.2495707e-02,5.7800966e-03,-6.9895764e-03,-7.7091342e-01,9.3166065e-01,-1.5239055e-01,-4.4052184e-01,-8.5679352e-01,-4.7176608e-01,1.9558628e-01,-4.0803888e-01,1.0119469e+00,1.1546155e+00,2.6903197e-01,-2.9673034e-01,-40.4749859818,
8.1846146e-03,5.6791822e-03,-1.5739342e-02,-6.2930626e-01,9.1838902e-01,3.9378233e-02,-3.4400603e-01,-9.3244058e-01,-4.9118206e-01,-7.6839864e-02,-3.4493119e-01,1.1124191e+00,9.5155096e-01,2.8948289e-01,-4.6331963e-01,-40.4851886920,
7.8010443e-03,-5.7288888e-03,4.9291858e-03,-7.1715802e-01,8.3649647e-01,-4.6873733e-02,-3.8167748e-01,-7.6694638e-01,-6.1468416e-01,2.1563567e-02,-2.2816801e-01,1.0460345e+00,9.8212790e-01,2.2857270e-01,-4.4398034e-01,-40.4965262669,
-6.1191682e-04,1.2532870e-02,-1.2215737e-02,-7.0951039e-01,8.2311434e-01,-1.1707407e-01,-4.3445086e-01,-8.1534415e-01,-4.5283711e-01,9.3421064e-02,-4.1433373e-01,1.0769980e+00,1.0542663e+00,2.6348269e-01,-3.4965026e-01,-40.4895628964,
-1.4574178e-02,-3.4138646e-02,-4.3209833e-03,-5.5779886e-01,8.9697897e-01,-1.0606650e-01,-4.7656244e-01,-7.6415664e-01,-4.9958086e-01,1.1858805e-01,-2.1889280e-01,9.7484243e-01,1.0761051e+00,4.8285311e-01,-3.2049322e-01,-40.4675175869,
1.9524349e-02,6.2323040e-03,-2.2395268e-02,-7.5200677e-01,8.9310533e-01,1.0573387e-02,-4.5220393e-01,-8.8966942e-01,-4.2611656e-01,-3.0985184e-02,-3.5285485e-01,1.0407987e+00,9.9621999e-01,2.7272919e-01,-3.4564325e-01,-40.4880714073,
-1.5967350e-02,6.7235986e-03,-7.9371165e-03,-6.2782884e-01,8.3881801e-01,-6.8740010e-02,-3.8796431e-01,-8.7019956e-01,-5.8238143e-01,1.7238013e-01,-2.9256305e-01,1.0580101e+00,1.0336751e+00,2.4569038e-01,-3.1100744e-01,-40.4958957558,
-2.8940251e-02,-7.5325342e-03,3.5349399e-02,-5.0352210e-01,9.2513150e-01,-1.5914077e-01,-1.8407819e-01,-8.0923057e-01,-6.8986994e-01,1.1538273e-01,-2.7320749e-01,9.6595067e-01,9.1985297e-01,2.5286114e-01,-5.5379581e-01,-40.4698265606,
1.1383051e-02,6.5647028e-03,1.6445749e-02,-7.2958350e-01,8.8181466e-01,-1.2385055e-01,-4.0657139e-01,-8.5303748e-01,-5.2852732e-01,-5.5984065e-02,-3.9870924e-01,1.0089312e+00,1.0536252e+00,2.9153347e-01,-5.5111563e-01,-40.4827822980,
2.5961399e-02,1.9502820e-02,2.3501407e-02,-5.9908354e-01,7.4821222e-01,-1.6232017e-01,-4.1035804e-01,-8.3992702e-01,-5.6003332e-01,-9.9643916e-02,-4.1020858e-01,9.8750049e-01,8.1264782e-01,2.7163133e-01,-5.5264145e-01,-40.4658802521,
-8.2539730e-03,3.7540998e-03,6.9869384e-03,-7.1022040e-01,8.3347565e-01,-1.2837256e-01,-4.1856235e-01,-8.1538141e-01,-6.1596507e-01,1.5087935e-01,-2.9717782e-01,1.0350868e+00,1.0748482e+00,2.3758692e-01,-3.7607300e-01,-40.4959587768,
-2.0753209e-02,-4.0053399e-03,1.0655183e-02,-6.3117719e-01,8.1147319e-01,-1.9213779e-01,-3.2855007e-01,-6.8987763e-01,-6.5070844e-01,2.3885773e-01,-2.7006176e-01,1.0733209e+00,9.6963716e-01,2.1007270e-01,-3.6234137e-01,-40.4821966253,
7.5963768e-03,-1.6951705e-04,-1.3283576e-02,-6.2255687e-01,8.4627527e-01,-1.8700585e-02,-4.6033692e-01,-8.9575297e-01,-5.3766328e-01,3.6239132e-02,-2.7602598e-01,1.0463003e+00,9.5650262e-01,3.2179973e-01,-3.3078140e-01,-40.4952938277,
1.0101487e-02,3.9737639e-03,4.7559375e-03,-6.8446934e-01,8.5552841e-01,-8.8546470e-02,-4.1312990e-01,-8.4784645e-01,-5.8052623e-01,1.7930359e-02,-3.1986311e-01,1.0497886e+00,9.6117699e-01,2.6609394e-01,-4.3892506e-01,-40.4999804602,
6.5711192e-03,2.1023449e-02,-1.7110948e-02,-8.2039535e-01,7.4105936e-01,-2.3478772e-02,-4.2275447e-01,-7.8310215e-01,-5.4584652e-01,1.4541587e-01,-2.8016585e-01,1.0350236e+00,1.0183303e+00,7.9641670e-02,-2.5136420e-01,-40.4823920687,
-9.3649141e-03,-1.5253896e-02,8.9046443e-03,-6.8553728e-01,9.6494389e-01,-1.3625030e-01,-3.5542482e-01,-7.9658049e-01,-6.7203468e-01,1.7739844e-01,-2.4099381e-01,1.0722713e+00,9.7327077e-01,2.6137930e-01,-3.7876585e-01,-40.4917363191,
-5.4797195e-03,6.7270142e-03,2.3920117e-02,-6.7644072e-01,8.2043868e-01,-2.9058242e-01,-4.5884794e-01,-7.9470897e-01,-7.3243910e-01,2.4979000e-01,-3.3858186e-01,1.0910026e+00,9.6180254e-01,2.4483806e-01,-3.6880445e-01,-40.4805509872,
-1.0363185e-02,3.0795788e-02,1.6296770e-02,-6.8107796e-01,6.5112329e-01,-1.7476809e-01,-3.4785733e-01,-7.4544454e-01,-6.6862869e-01,1.9303297e-01,-3.3100790e-01,1.0365359e+00,9.7054631e-01,7.2969258e-02,-3.9016354e-01,-40.4615627195,
7.6360451e-03,1.8958569e-02,-7.9448540e-03,-7.6646382e-01,8.0689120e-01,-3.3183325e-02,-3.9229438e-01,-8.4472305e-01,-5.2387482e-01,8.4575519e-02,-3.1587213e-01,9.7447348e-01,9.8219490e-01,1.3162586e-01,-3.1675559e-01,-40.4903492931,
3.6756575e-02,-4.7017407e-04,1.5943866e-02,-8.1531698e-01,7.2083569e-01,-1.7094818e-01,-6.5035290e-01,-7.6834613e-01,-6.7446387e-01,6.6114284e-02,-2.2442532e-01,9.6886027e-01,9.6703464e-01,2.7323350e-01,-3.2765830e-01,-40.4615360938,
7.3414147e-03,-1.0052130e-02,1.4203632e-03,-6.5671915e-01,8.2368797e-01,-2.0947054e-02,-4.3781835e-01,-8.2302821e-01,-6.7846775e-01,6.4792298e-02,-1.5258965e-01,1.0379472e+00,9.4419986e-01,2.6706523e-01,-3.6399364e-01,-40.4912097455,
1.0173140e-02,9.6512567e-03,-2.8603675e-03,-7.4087024e-01,8.0832928e-01,-9.3156606e-02,-5.1479596e-01,-8.7927055e-01,-6.4574981e-01,1.2579113e-01,-2.8073752e-01,1.0824671e+00,1.0135478e+00,2.3706591e-01,-3.1325179e-01,-40.4896382343,
-1.2022492e-02,-1.6822785e-02,-1.4624818e-02,-6.9403768e-01,9.4491500e-01,-2.7377062e-02,-3.7312338e-01,-8.0882454e-01,-6.4119631e-01,1.9204155e-01,-1.8166927e-01,1.1293713e+00,1.0129926e+00,2.5026986e-01,-2.8636771e-01,-40.4871198036,
-4.1807647e-04,-1.7416049e-02,-4.2663712e-02,-5.6921327e-01,8.8955677e-01,1.4184952e-01,-3.5411739e-01,-8.3277798e-01,-4.7349513e-01,7.2283298e-04,-1.7688996e-01,1.1492659e+00,9.2014641e-01,3.2318920e-01,-2.9497001e-01,-40.4671169228,
-1.7252276e-02,1.4766174e-02,-2.1862118e-02,-6.3925886e-01,9.4141024e-01,1.6424842e-02,-2.8629702e-01,-9.5319116e-01,-4.8917738e-01,8.1689157e-02,-3.8184381e-01,1.1282327e+00,1.0460173e+00,2.2221377e-01,-3.8077214e-01,-40.4834413725,
1.8566590e-02,6.7570210e-03,9.0849148e-03,-6.6860723e-01,8.2792664e-01,-1.1129025e-01,-4.4889373e-01,-8.5986948e-01,-6.0773838e-01,-3.0638970e-02,-3.4276706e-01,1.0974530e+00,9.3376738e-01,2.9521739e-01,-4.9041903e-01,-40.4927018392,
-3.9904173e-03,-9.0310173e-03,8.7313075e-03,-6.5286255e-01,8.5123491e-01,-9.9182367e-02,-4.6895182e-01,-8.5012513e-01,-6.4676893e-01,1.1843477e-01,-2.2324857e-01,9.9788642e-01,1.0494868e+00,3.2363656e-01,-3.6542431e-01,-40.4903248704,
-1.9401742e-02,3.2576054e-02,-3.2749165e-02,-7.1987075e-01,8.1163573e-01,3.4524329e-02,-2.3627166e-01,-8.3983862e-01,-4.2442107e-01,1.6571286e-01,-3.8190669e-01,1.0657873e+00,1.0172255e+00,3.6391363e-02,-2.6164255e-01,-40.4636609096,
-7.7605755e-03,1.5293915e-02,-3.2126639e-04,-6.0988396e-01,8.6075926e-01,-1.3694714e-01,-3.0771631e-01,-8.3534443e-01,-5.1250035e-01,1.0174321e-01,-4.1720313e-01,1.0633867e+00,9.1203594e-01,2.2089589e-01,-4.0618134e-01,-40.4877632314,
-2.9051704e-02,-7.3881513e-03,2.2930041e-02,-5.5952936e-01,9.7641170e-01,-2.4840537e-01,-4.0721360e-01,-9.2377162e-01,-6.5359259e-01,2.7091360e-01,-3.3637512e-01,9.5516860e-01,1.0426520e+00,3.7111354e-01,-3.4489891e-01,-40.4709321038,
-2.3849928e-03,5.8683045e-03,-2.8746263e-03,-7.1509951e-01,8.5486531e-01,-4.6421893e-02,-3.5918838e-01,-8.3021957e-01,-6.0774100e-01,1.1130294e-01,-2.6702300e-01,1.0536708e+00,9.9109161e-01,1.7737699e-01,-3.6401004e-01,-40.4987283875,
-2.1945350e-02,-6.2508220e-03,-2.6190905e-02,-5.8309060e-01,8.6548674e-01,1.8950626e-01,-2.8741118e-01,-9.1766346e-01,-6.0701358e-01,8.7539986e-02,-9.0504542e-02,1.0345137e+00,1.0377135e+00,2.0715360e-01,-2.9927963e-01,-40.4737477580,
3.2848862e-03,1.4362015e-02,5.3081810e-03,-7.3393404e-01,8.4402913e-01,-5.1937979e-02,-3.5646814e-01,-8.6991000e-01,-6.6570419e-01,6.1034434e-02,-2.9372194e-01,1.1039265e+00,9.9514568e-01,1.5437520e-01,-4.5017672e-01,-40.4923766290,
2.4524762e-03,2.0164805e-02,-9.0174321e-03,-7.6737815e-01,6.9237918e-01,-4.6387333e-02,-4.7581080e-01,-8.0797839e-01,-5.9533489e-01,1.3733588e-01,-2.6816782e-01,1.0469388e+00,1.0780892e+00,1.4580336e-01,-2.9208392e-01,-40.4846069951,
4.7296718e-02,9.8134065e-03,-1.2580000e-02,-9.0000951e-01,7.1868658e-01,-7.8193352e-02,-6.0910165e-01,-7.2839308e-01,-4.4204897e-01,-1.4368184e-02,-3.1259370e-01,9.4606519e-01,9.5597047e-01,2.0530270e-01,-2.6782203e-01,-40.4527378960,
1.5624294e-02,2.1198839e-03,-8.2380297e-03,-7.5709808e-01,8.6941898e-01,1.5645936e-02,-3.8494366e-01,-8.3356726e-01,-5.6164128e-01,-3.5163760e-02,-2.7253163e-01,1.0927197e+00,9.8826623e-01,2.1270812e-01,-4.4156283e-01,-40.4923512109,
2.0499614e-03,1.8902160e-02,-7.3620770e-03,-7.3505896e-01,8.0197161e-01,-6.4107873e-02,-4.6058089e-01,-9.0279132e-01,-6.0573721e-01,1.5658313e-01,-2.9970360e-01,1.0330940e+00,1.0183589e+00,1.7682773e-01,-2.7562121e-01,-40.4901377004,
-1.9365895e-03,9.6973209e-03,-2.3025319e-02,-7.9657590e-01,8.5840505e-01,1.0912902e-01,-3.2607710e-01,-8.4694731e-01,-4.5790955e-01,2.3112461e-02,-2.5936285e-01,9.8558408e-01,1.1093230e+00,1.3088417e-01,-3.4407496e-01,-40.4751435035,
2.5271559e-02,-2.4009107e-03,-9.6449200e-03,-6.7383844e-01,9.0187961e-01,-5.0647289e-02,-4.8362768e-01,-8.9079523e-01,-4.6877217e-01,-5.4602653e-02,-3.4287634e-01,1.0183457e+00,9.0944290e-01,3.5515696e-01,-3.8203579e-01,-40.4871174919,
-2.1960074e-02,1.0120179e-02,1.2175771e-02,-6.6348922e-01,8.6647785e-01,-2.2406131e-01,-3.8067353e-01,-8.2046217e-01,-4.8471391e-01,2.2310351e-01,-4.1753948e-01,8.8864559e-01,1.0770781e+00,2.5630355e-01,-3.2611102e-01,-40.4750660441,
3.0987395e-02,8.4795207e-03,3.2564908e-02,-7.8400433e-01,9.4201094e-01,-2.3933461e-01,-4.1845202e-01,-8.3781016e-01,-5.4604542e-01,-7.4874476e-02,-4.7244698e-01,9.7793120e-01,9.1107351e-01,2.7424735e-01,-5.8786744e-01,-40.4675607978,
6.6511938e-03,3.2033321e-02,9.6643101e-03,-8.2370985e-01,7.6064575e-01,-5.6126039e-02,-2.6852721e-01,-7.7730834e-01,-6.2715149e-01,8.6920463e-02,-3.1134430e-01,9.9397886e-01,9.3129414e-01,-3.8270384e-02,-4.2228600e-01,-40.4702242022,
-2.3420433e-02,1.7263073e-02,3.5236292e-02,-5.3032207e-01,9.2659128e-01,-2.4607855e-01,-2.1550402e-01,-8.9427942e-01,-6.1398059e-01,1.7044361e-01,-4.3117234e-01,9.0202606e-01,8.6311543e-01,2.0402044e-01,-4.7718331e-01,-40.4670898649,
6.2981746e-03,8.4838265e-04,1.7425302e-02,-7.1302855e-01,8.0909801e-01,-2.0995438e-01,-4.8607963e-01,-7.7349126e-01,-5.9505951e-01,8.6682960e-02,-3.4809414e-01,1.0276176e+00,1.0380546e+00,3.0551776e-01,-4.3560737e-01,-40.4925854610,
1.1033705e-02,3.6926910e-02,2.2096142e-02,-8.1700313e-01,9.0205896e-01,-2.3509610e-01,-3.9011931e-01,-9.3740094e-01,-6.2513131e-01,1.2928297e-01,-4.9979955e-01,1.0296277e+00,9.5713061e-01,1.1019261e-01,-4.3844533e-01,-40.4676215342,
2.7045200e-02,2.9324412e-02,2.2892790e-02,-7.9896587e-01,7.2038031e-01,-9.2128254e-02,-3.9153126e-01,-8.2045615e-01,-7.1056342e-01,-7.9097435e-02,-3.4183457e-01,1.1357733e+00,9.6053743e-01,1.0146640e-01,-6.0755646e-01,-40.4694778548,
1.2305502e-03,1.9367687e-02,-1.2073452e-02,-6.6099781e-01,8.6975646e-01,-4.4814464e-02,-3.5467577e-01,-9.1104317e-01,-4.6102327e-01,4.2768430e-02,-4.0527624e-01,1.0276308e+00,9.5834672e-01,2.1941283e-01,-3.6894110e-01,-40.4929670582,
9.2043728e-03,2.5448317e-02,-4.3028878e-05,-6.5738219e-01,8.4354687e-01,-8.5791558e-02,-2.9001093e-01,-8.6112732e-01,-5.1652050e-01,-8.3021149e-03,-4.3410316e-01,1.0856057e+00,8.5367262e-01,1.6066678e-01,-4.7638029e-01,-40.4753324070,
-2.7127175e-02,-7.7751530e-03,1.5451890e-02,-5.3940833e-01,9.9802929e-01,-1.2020656e-01,-2.6518947e-01,-9.0998155e-01,-6.4781076e-01,1.5605155e-01,-2.9343885e-01,1.0133638e+00,9.7190219e-01,3.0000323e-01,-4.4060504e-01,-40.4868539216,
8.0839023e-03,5.6850160e-03,-1.1326862e-02,-6.9409490e-01,8.1223238e-01,-6.6892549e-02,-5.0622594e-01,-8.6814511e-01,-5.3550887e-01,6.3154966e-02,-3.1994817e-01,1.0767615e+00,1.0403295e+00,3.0551422e-01,-3.3529446e-01,-40.4953987294,
2.2097198e-02,3.4266495e-04,1.6164923e-02,-6.9901037e-01,7.9280716e-01,-1.8659338e-01,-4.6917802e-01,-7.4116945e-01,-5.6738037e-01,-7.5316355e-02,-3.9151159e-01,1.1412123e+00,9.8356211e-01,3.4124440e-01,-5.7912672e-01,-40.4778003445,
1.0056182e-02,9.8075485e-04,-1.1768220e-03,-7.2460920e-01,7.9671556e-01,-7.0400178e-02,-4.3997806e-01,-7.7801573e-01,-5.9080207e-01,5.9540361e-02,-2.5965545e-01,1.0532085e+00,9.8500496e-01,2.3148735e-01,-3.7727559e-01,-40.4989079632,
-4.3084137e-02,-3.4233708e-02,-1.6065640e-02,-4.2064035e-01,1.0222905e+00,8.0738746e-02,-1.8931399e-01,-8.7488997e-01,-6.8788183e-01,2.1715742e-01,-5.2701548e-02,1.0799624e+00,9.0134716e-01,3.1007251e-01,-2.8969961e-01,-40.4583802015,
5.9173158e-03,-1.0958194e-02,1.8156924e-03,-6.2289852e-01,8.6946064e-01,-9.7062223e-02,-3.6459917e-01,-7.6353008e-01,-6.6663229e-01,8.1970543e-02,-2.2981191e-01,1.1423459e+00,8.4079814e-01,2.6252827e-01,-4.0684909e-01,-40.4811868035,
2.1129042e-02,1.3469250e-02,2.5313688e-02,-8.4364212e-01,7.4828345e-01,-2.0414662e-01,-5.8000380e-01,-8.0726659e-01,-5.7778764e-01,4.9655139e-02,-3.5686389e-01,8.9314938e-01,1.1208433e+00,2.5171894e-01,-4.1923398e-01,-40.4548391795,
-4.1163000e-03,-2.8878238e-02,2.2916039e-02,-6.4058810e-01,8.5050333e-01,-6.8915866e-02,-4.2927873e-01,-7.7462339e-01,-8.3740586e-01,1.0591315e-01,-5.0240174e-02,1.0637298e+00,1.0144092e+00,3.1204027e-01,-4.5111457e-01,-40.4717740619,
5.9264782e-03,1.3348239e-02,3.2468978e-03,-6.7374986e-01,8.8933778e-01,-1.2600511e-01,-3.6157152e-01,-8.7271172e-01,-5.8292705e-01,5.8810584e-02,-3.9167398e-01,1.1096953e+00,9.1223073e-01,2.2536942e-01,-4.3957466e-01,-40.4911647774,
1.1981067e-02,-2.7570387e-02,-8.3684577e-03,-6.8828160e-01,8.2228559e-01,-1.4105353e-01,-5.6251442e-01,-6.8499702e-01,-5.7008064e-01,1.8749106e-01,-1.6448379e-01,9.8221296e-01,9.1557300e-01,3.5437018e-01,-1.7945613e-01,-40.4656404335,
8.1772562e-03,2.9997136e-02,2.8145557e-02,-7.1452111e-01,7.2700018e-01,-1.5997383e-01,-3.5703060e-01,-8.3110541e-01,-7.6145697e-01,1.1659353e-01,-3.0445322e-01,1.0259452e+00,8.7479800e-01,6.2723920e-02,-4.5341691e-01,-40.4666119157,
3.7088715e-02,1.7474681e-02,2.4796816e-02,-8.4739268e-01,6.2295544e-01,-1.9621226e-01,-5.6226492e-01,-6.9017500e-01,-6.8788421e-01,1.5952326e-02,-2.9209036e-01,1.0373719e+00,9.6215212e-01,1.5779361e-01,-4.5633769e-01,-40.4692263482,
-8.0744931e-03,1.9628620e-02,1.0911225e-02,-6.7765033e-01,7.7781475e-01,-1.6100918e-01,-4.4111782e-01,-8.6972415e-01,-5.8498299e-01,1.2988192e-01,-3.8261524e-01,1.0158826e+00,1.0881451e+00,2.4279347e-01,-4.0123171e-01,-40.4876821808,
-1.4151080e-02,2.1765864e-02,3.6598574e-03,-7.0527601e-01,8.2803398e-01,-5.3276215e-02,-2.1655582e-01,-8.0839449e-01,-6.4347941e-01,1.2762231e-01,-3.1428295e-01,1.1038061e+00,9.6727127e-01,5.1116377e-02,-4.4588727e-01,-40.4819736499,
2.0508649e-02,-8.3556222e-03,-3.9918777e-03,-6.2047786e-01,8.8954014e-01,-2.3261517e-02,-4.3929070e-01,-8.7697989e-01,-5.4384458e-01,-3.5902105e-02,-2.5345451e-01,9.9044579e-01,8.5226572e-01,3.3369094e-01,-3.8082761e-01,-40.4805921938,
-1.1733012e-02,2.3216229e-02,-2.3332724e-02,-6.1826688e-01,8.4584957e-01,-7.9737276e-02,-4.4589713e-01,-9.7121084e-01,-4.4798538e-01,2.2104421e-01,-3.9701432e-01,9.6486920e-01,9.8392576e-01,2.4575448e-01,-1.5402588e-01,-40.4731393333,
1.4814084e-02,6.0183932e-03,2.9555008e-02,-7.1473849e-01,8.9394802e-01,-1.0190804e-01,-3.6165422e-01,-8.7885678e-01,-6.1399788e-01,-1.1982699e-01,-3.6095536e-01,1.0125847e+00,1.0207579e+00,2.7233884e-01,-6.5382802e-01,-40.4706779269,
2.1062111e-02,-1.8515155e-02,-1.5594781e-02,-6.3133276e-01,9.1638017e-01,-4.2896047e-03,-4.6241373e-01,-8.4160787e-01,-4.9909452e-01,-5.1209167e-02,-2.4985312e-01,1.0617368e+00,8.9004529e-01,3.8914129e-01,-3.7106389e-01,-40.4870147748,
1.1632077e-02,1.6675614e-02,-2.8109254e-02,-8.8639736e-01,8.1449014e-01,-7.5755954e-02,-4.9883044e-01,-7.9162240e-01,-5.2867806e-01,1.8604213e-01,-3.4345973e-01,1.1659508e+00,1.0583340e+00,1.3480709e-01,-2.1169673e-01,-40.4660549637,
-3.2852393e-02,-9.6791890e-03,-2.7399948e-02,-6.0682648e-01,1.0118850e+00,1.3099086e-01,-1.4348975e-01,-8.7189209e-01,-5.4835844e-01,1.7354721e-01,-1.6201143e-01,1.0276433e+00,9.5735425e-01,1.4126027e-01,-2.7497518e-01,-40.4614333563,
-1.3406213e-02,1.7525781e-04,7.7299797e-03,-6.5295351e-01,8.5368335e-01,-4.4735353e-02,-3.2638347e-01,-8.4141284e-01,-7.0538294e-01,1.1827739e-01,-2.1349582e-01,1.0867356e+00,1.0227990e+00,2.0180386e-01,-4.3375003e-01,-40.4925775312,
6.5389127e-03,4.0868398e-02,-1.3624212e-03,-6.9072568e-01,8.0564708e-01,-2.4632606e-01,-4.2994884e-01,-8.9543098e-01,-4.9924934e-01,1.2832674e-01,-5.8090967e-01,1.1499773e+00,9.2739415e-01,2.0173439e-01,-3.8164446e-01,-40.4611521785,
2.0894054e-02,-7.5596618e-03,-4.2944229e-03,-7.5937480e-01,8.4078664e-01,8.6947531e-03,-3.9028499e-01,-7.4862629e-01,-5.5327982e-01,-8.0335304e-02,-2.3846868e-01,1.0841857e+00,9.7583318e-01,2.3739007e-01,-4.8140872e-01,-40.4852928954,
-2.6896523e-02,1.0219119e-03,2.1379409e-02,-4.6911231e-01,8.7298620e-01,-2.2553265e-01,-2.5227875e-01,-8.0353010e-01,-7.0708668e-01,2.1009414e-01,-3.2892835e-01,1.1158421e+00,8.4408557e-01,2.6177806e-01,-4.5208818e-01,-40.4695214456,
-5.9153293e-03,-1.9615952e-02,1.6987359e-02,-6.0776263e-01,8.6028892e-01,-1.0189527e-01,-3.3991882e-01,-7.3052871e-01,-6.6414189e-01,7.0965514e-02,-1.8688397e-01,1.0194353e+00,9.4564015e-01,2.9209086e-01,-4.6569040e-01,-40.4889895954,
4.3063797e-02,2.6176635e-02,1.9787434e-02,-7.9839998e-01,6.6372502e-01,-2.0369384e-01,-6.4157140e-01,-8.3381373e-01,-5.5326009e-01,-1.1555921e-01,-4.5577481e-01,1.0594457e+00,1.0512813e+00,3.1165218e-01,-5.3861916e-01,-40.4570771396,
-2.7630543e-02,2.0302320e-02,-7.5130751e-03,-7.5738704e-01,9.7575331e-01,4.0698655e-02,-2.3055486e-01,-9.8228997e-01,-5.4732549e-01,1.8828800e-01,-3.0253485e-01,9.1232562e-01,1.1197234e+00,6.8960547e-02,-3.0942726e-01,-40.4599015792,
2.0726992e-02,7.8397943e-03,2.4414358e-03,-6.5531093e-01,8.5806978e-01,-9.3792602e-02,-3.6858413e-01,-8.2598311e-01,-5.2990693e-01,-5.2489951e-02,-3.7372449e-01,1.0751281e+00,8.3492333e-01,2.5459269e-01,-4.7928602e-01,-40.4812200970,
2.4766408e-02,1.9792446e-03,3.4566291e-02,-7.2092354e-01,8.9741683e-01,-1.7304829e-01,-4.4328177e-01,-8.7796187e-01,-6.7878664e-01,-5.6494460e-02,-3.3740419e-01,1.0029014e+00,9.3249106e-01,2.9336232e-01,-5.7850862e-01,-40.4752115519,
3.5424899e-02,2.7360683e-02,-4.5438726e-03,-8.0355161e-01,6.9761682e-01,-9.7577304e-02,-6.1165005e-01,-8.7852615e-01,-5.0194466e-01,-2.5667481e-02,-3.9479497e-01,1.0137038e+00,1.0235857e+00,2.4605235e-01,-3.5505605e-01,-40.4768726032,
2.9687379e-02,2.5187738e-02,2.2188574e-02,-6.9912159e-01,8.0265033e-01,-1.2411089e-01,-3.7663716e-01,-8.6651331e-01,-5.0247544e-01,-1.4293866e-01,-4.4862717e-01,9.4071746e-01,8.7186861e-01,2.1464476e-01,-5.7961136e-01,-40.4747858306,
-8.0420179e-03,1.5132060e-02,-2.4936905e-02,-7.9484302e-01,8.9341354e-01,1.0509834e-01,-2.7661350e-01,-8.7398756e-01,-4.7778717e-01,4.6830826e-02,-2.9561681e-01,1.0549183e+00,1.1093446e+00,9.9607557e-02,-3.6458355e-01,-40.4751310254,
-7.6579824e-03,-4.5584071e-02,-2.6775856e-02,-6.1022997e-01,8.3527917e-01,1.2567773e-01,-4.5644200e-01,-7.3017597e-01,-7.2530770e-01,9.7682387e-02,5.9802651e-02,1.2139113e+00,1.0518723e+00,3.6788785e-01,-2.9602903e-01,-40.4531110046,
7.1619460e-03,8.9303833e-03,1.1639294e-02,-7.7079171e-01,8.1677693e-01,-2.1906185e-01,-4.6926641e-01,-7.6836532e-01,-6.1158353e-01,1.1054632e-01,-3.9096847e-01,1.1322697e+00,1.0471917e+00,2.4729747e-01,-4.4039750e-01,-40.4851099304,
-1.0731123e-02,1.2556247e-02,1.3310854e-02,-6.7095572e-01,7.4727416e-01,-1.7387170e-01,-4.1200224e-01,-7.9172677e-01,-7.4434936e-01,2.4886987e-01,-2.5369975e-01,1.0761373e+00,9.7235256e-01,1.5832537e-01,-3.2757267e-01,-40.4777809856,
1.4104992e-02,1.4825293e-02,1.4340149e-02,-6.8576711e-01,8.3667934e-01,-2.3694253e-01,-4.8486573e-01,-8.5658145e-01,-5.3968847e-01,9.5518067e-02,-4.3486822e-01,9.7262830e-01,9.1359925e-01,2.8317297e-01,-3.7422106e-01,-40.4859489834,
-4.9753753e-03,1.7605430e-02,-1.1044629e-02,-8.4096467e-01,7.7832705e-01,-1.4085919e-01,-5.2454859e-01,-8.1288052e-01,-5.6378639e-01,2.3339739e-01,-3.5520700e-01,1.0966353e+00,1.1879578e+00,1.8728289e-01,-2.5161472e-01,-40.4676257300,
-8.1572803e-03,-1.1839978e-02,-1.4805748e-02,-5.5909759e-01,9.5296687e-01,-7.5020432e-02,-4.2482805e-01,-9.0573227e-01,-5.3554028e-01,1.7734554e-01,-2.6655930e-01,1.0015411e+00,9.0219468e-01,3.5726646e-01,-2.2010422e-01,-40.4822607010,
-1.6501049e-03,-2.7877362e-02,2.3554066e-02,-6.1467546e-01,8.3904290e-01,-2.4162185e-01,-5.5976331e-01,-7.4462235e-01,-6.4597696e-01,1.3596582e-01,-2.3402463e-01,9.8164380e-01,1.0550407e+00,4.6495867e-01,-3.9189491e-01,-40.4687910665,
-1.6288918e-02,-1.3842794e-02,2.2667911e-02,-5.9976685e-01,9.3423396e-01,-1.8413568e-01,-1.9761962e-01,-6.8857622e-01,-6.8739271e-01,1.6793586e-01,-2.5450855e-01,1.0605409e+00,8.2645255e-01,1.9157058e-01,-4.7031918e-01,-40.4654736091,
-6.1794231e-03,-1.1314224e-02,1.2691485e-02,-4.8482734e-01,8.9897966e-01,-1.5477347e-01,-3.9001080e-01,-8.5843921e-01,-5.4793066e-01,5.1577836e-03,-3.5615489e-01,1.0512460e+00,9.4486308e-01,4.4709671e-01,-5.0662643e-01,-40.4806663229,
-1.4398616e-03,1.1909828e-02,2.6979020e-02,-6.9720328e-01,9.0294290e-01,-3.2939535e-01,-3.7238449e-01,-7.8153956e-01,-5.4334754e-01,1.8482214e-01,-4.7775018e-01,9.4517410e-01,9.0573287e-01,2.3028927e-01,-4.0284649e-01,-40.4746850430,
2.7027687e-03,-1.3073261e-03,7.0243527e-04,-6.6384733e-01,8.5314780e-01,-8.6391240e-02,-4.0916073e-01,-8.2350016e-01,-5.9461600e-01,7.3076531e-02,-2.8353578e-01,1.0634830e+00,9.6850246e-01,2.7141163e-01,-3.9267620e-01,-40.5014623077,
-1.3840927e-02,-1.2679526e-02,-2.6814111e-02,-6.9087362e-01,8.0581421e-01,7.6397061e-03,-4.0423030e-01,-7.1926391e-01,-5.5322641e-01,2.0724633e-01,-1.5546148e-01,1.0745621e+00,1.0435545e+00,2.2282219e-01,-2.0084745e-01,-40.4726834412,
-7.7693531e-04,-2.5205826e-02,-2.0867050e-02,-5.8790362e-01,1.0453471e+00,5.7041220e-02,-3.8578922e-01,-9.4571900e-01,-5.4314321e-01,-1.4452860e-03,-2.2236282e-01,1.1168048e+00,9.7670305e-01,4.1386414e-01,-3.8027987e-01,-40.4761430086,
-3.1476967e-02,-1.5410554e-02,-4.4461419e-03,-4.9702930e-01,9.6429205e-01,-9.7524852e-02,-1.9185764e-01,-7.6176900e-01,-5.4227120e-01,1.5199876e-01,-3.0214021e-01,1.1122406e+00,9.0803605e-01,2.9497874e-01,-4.1677988e-01,-40.4628583191,
4.2298194e-03,-1.2759116e-02,1.3183135e-02,-7.4410826e-01,7.5381702e-01,-2.4178365e-01,-5.1644987e-01,-6.2408239e-01,-6.3641453e-01,1.7983848e-01,-2.5861079e-01,1.0698359e+00,1.0290191e+00,2.8956693e-01,-3.5456076e-01,-40.4784323385,
8.4682554e-03,-7.4226473e-04,-1.0844999e-02,-6.9863182e-01,8.3977330e-01,-3.4649130e-02,-4.7427678e-01,-8.5658580e-01,-5.7363278e-01,6.1954021e-02,-2.6198241e-01,1.0758427e+00,1.0090187e+00,2.8500408e-01,-3.3660123e-01,-40.4985639904,
2.1687789e-02,2.2718390e-03,-8.0674384e-03,-8.3330828e-01,7.7772814e-01,8.5380875e-02,-3.3774674e-01,-7.1653986e-01,-5.8502388e-01,-8.4747732e-02,-1.8587227e-01,1.0870104e+00,9.9221492e-01,1.0170735e-01,-4.7923443e-01,-40.4668334297,
-2.2706771e-02,4.0342819e-02,2.0149548e-03,-7.3072821e-01,8.2861394e-01,-4.8799593e-02,-1.9996914e-01,-8.8574898e-01,-4.9167535e-01,5.6855913e-02,-4.7739059e-01,1.0616077e+00,1.1419917e+00,6.6663980e-02,-5.2671993e-01,-40.4601820941,
-2.3408236e-02,1.8183991e-02,-1.7641934e-02,-4.9544001e-01,9.2150581e-01,-1.7981976e-02,-2.9044148e-01,-1.0181745e+00,-4.9307197e-01,1.3419488e-01,-3.8491824e-01,1.0354823e+00,9.3392205e-01,2.6521420e-01,-3.1006858e-01,-40.4754437973,
-1.2772460e-02,4.3354094e-02,1.1257001e-02,-5.8539808e-01,7.5046718e-01,-8.5131370e-02,-3.0629253e-01,-9.7296941e-01,-5.4200149e-01,5.1459853e-02,-4.4713145e-01,9.6136451e-01,1.0016866e+00,1.5512010e-01,-4.6643972e-01,-40.4564315465,
-7.9185283e-03,7.6576095e-04,-1.6411468e-02,-8.3388352e-01,8.1314117e-01,-7.8996822e-02,-4.3169197e-01,-7.0846772e-01,-5.0425565e-01,2.6936454e-01,-2.3697090e-01,9.3499398e-01,1.0785307e+00,1.3034967e-01,-1.4827520e-01,-40.4525988876,
6.4278776e-03,1.4426877e-02,-2.4747606e-03,-7.2505289e-01,8.7283760e-01,-1.9375831e-01,-4.7145262e-01,-8.6730528e-01,-5.7830822e-01,1.7013094e-01,-4.1123918e-01,1.1144868e+00,9.5599639e-01,2.4437338e-01,-3.1405240e-01,-40.4834149593,
-1.4309341e-02,3.9726831e-02,2.1195238e-02,-8.1479526e-01,8.5729748e-01,-1.7209451e-01,-3.3337587e-01,-9.4308078e-01,-6.9980246e-01,2.7649844e-01,-3.8074681e-01,9.4410414e-01,1.0498809e+00,5.6416392e-03,-3.3305573e-01,-40.4596667176,
-7.3766410e-03,2.3258571e-02,2.7350213e-03,-6.6706538e-01,8.0445880e-01,-1.8547201e-01,-4.4505623e-01,-8.8525188e-01,-5.2953154e-01,1.6449153e-01,-4.3782493e-01,1.0230627e+00,1.0393856e+00,2.4704750e-01,-3.3950081e-01,-40.4894778653,
-2.7631221e-02,-6.1757145e-03,4.0769629e-02,-4.8462299e-01,8.7567645e-01,-3.8937429e-01,-3.9528003e-01,-7.9180592e-01,-6.5942246e-01,2.6787513e-01,-3.9566311e-01,9.6320105e-01,9.4858998e-01,3.9302021e-01,-4.2337051e-01,-40.4663870894,
8.0939997e-03,-9.1960846e-04,-4.8207925e-03,-6.9133186e-01,7.8142256e-01,-5.5713341e-02,-4.6621099e-01,-7.9322439e-01,-5.7370925e-01,6.1497591e-02,-2.4651650e-01,1.0372126e+00,9.9858981e-01,2.6760134e-01,-3.4962764e-01,-40.4977719472,
-1.0048838e-02,1.4199445e-02,-6.8354839e-03,-6.3949239e-01,9.0667766e-01,7.5602747e-02,-2.8393242e-01,-1.0022175e+00,-7.1306652e-01,8.6688839e-02,-2.1454683e-01,1.1119176e+00,9.6324843e-01,1.4066604e-01,-3.9575624e-01,-40.4722937359,
1.0249376e-03,3.2768633e-02,9.8244399e-03,-7.3259133e-01,7.4897814e-01,-1.9564092e-01,-3.4557971e-01,-7.8215551e-01,-6.3182956e-01,1.8214135e-01,-4.0201414e-01,1.0830944e+00,8.9615154e-01,6.4955503e-02,-3.7339741e-01,-40.4709183785,
2.6483873e-02,4.9493900e-03,1.0317116e-03,-6.3620025e-01,7.4826765e-01,-1.0440399e-01,-5.6576282e-01,-8.6146545e-01,-5.6318003e-01,2.2453148e-02,-2.8172091e-01,9.5775104e-01,8.7118691e-01,3.2840589e-01,-3.1149349e-01,-40.4627827924,
2.4023822e-04,3.4179064e-03,-1.0100470e-02,-7.0767993e-01,8.9752340e-01,-5.8591716e-02,-4.1767779e-01,-8.7829292e-01,-5.6109315e-01,1.1731295e-01,-3.0365065e-01,1.0605536e+00,1.0034635e+00,2.4568558e-01,-3.1829637e-01,-40.4980428316,
5.9928517e-03,-3.0668417e-02,-1.3545502e-02,-7.1325743e-01,8.8070381e-01,-9.1835633e-03,-5.0911283e-01,-7.5891101e-01,-5.8976203e-01,6.6364467e-02,-1.3779739e-01,1.0846018e+00,1.0736448e+00,3.7385285e-01,-3.2349473e-01,-40.4849108106,
-1.5644580e-02,3.1494014e-03,7.5070411e-03,-5.6834722e-01,9.4341618e-01,-7.0949115e-02,-2.6786864e-01,-9.1782731e-01,-6.6650903e-01,9.3626246e-02,-3.0361709e-01,1.1138207e+00,9.3464464e-01,2.4571463e-01,-4.7165000e-01,-40.4878902904,
3.9979718e-03,-3.7270645e-03,2.2430900e-02,-7.1287823e-01,8.0987817e-01,-1.7659679e-01,-3.5260597e-01,-6.8917352e-01,-7.7185327e-01,5.8078181e-02,-2.7225289e-01,1.2608280e+00,9.6827292e-01,2.1213925e-01,-5.8531880e-01,-40.4650182084,
4.7791917e-03,2.0147447e-02,3.4107435e-02,-6.6868371e-01,6.1834407e-01,-1.5759365e-01,-3.9035371e-01,-7.3013258e-01,-7.3524123e-01,2.2919554e-02,-2.7833223e-01,1.0469998e+00,9.9148941e-01,1.5591528e-01,-5.6955445e-01,-40.4516062271,
1.6117753e-02,1.3710973e-02,-1.9747622e-02,-7.5448632e-01,8.0424941e-01,-9.3376473e-02,-5.8321536e-01,-8.9321387e-01,-4.7760609e-01,1.3803086e-01,-3.4970230e-01,9.9188465e-01,1.0070707e+00,2.7275285e-01,-1.8168469e-01,-40.4796430607,
1.1209963e-02,9.9181579e-03,1.1593153e-02,-7.5734502e-01,7.3659736e-01,-6.8768524e-02,-3.0692041e-01,-6.7324543e-01,-6.0036063e-01,-1.8802725e-02,-2.8039727e-01,1.0624306e+00,9.5060104e-01,1.1044027e-01,-5.2610266e-01,-40.4720448591,
-2.7904326e-02,2.2587975e-02,-2.5755251e-03,-5.6764340e-01,9.2154258e-01,-2.4316746e-01,-2.9832613e-01,-8.9069700e-01,-5.1575089e-01,3.1513074e-01,-4.8701352e-01,1.0413229e+00,8.9022231e-01,2.0531940e-01,-2.5275338e-01,-40.4598520687,
-8.6479541e-03,-1.1645436e-04,9.9165002e-03,-6.0941362e-01,9.0941203e-01,-1.6868788e-01,-3.8609183e-01,-8.6762261e-01,-6.3688660e-01,1.5768754e-01,-3.2786021e-01,1.0631435e+00,9.4554269e-01,2.9258633e-01,-3.8491347e-01,-40.4960508089,
-3.0843636e-03,1.7823402e-02,-1.1189246e-02,-7.3355764e-01,8.0169874e-01,-5.6105204e-02,-4.0057611e-01,-8.4686363e-01,-5.7339394e-01,1.3466465e-01,-3.2409260e-01,1.0978421e+00,1.0374761e+00,1.6368069e-01,-3.2775041e-01,-40.4942544193,
-4.5435998e-04,1.8297934e-03,-2.0655890e-03,-6.7380327e-01,8.6652035e-01,-6.2348135e-02,-3.9734906e-01,-8.5288388e-01,-5.6510770e-01,7.1183726e-02,-2.9635534e-01,1.0368587e+00,1.0037782e+00,2.6119846e-01,-3.8398242e-01,-40.5014300068,
3.5809662e-02,1.4893322e-02,1.0857272e-02,-8.7540960e-01,7.1712011e-01,-1.6532159e-01,-5.8458173e-01,-7.5948203e-01,-6.0002488e-01,5.3493753e-02,-3.1472030e-01,9.8047918e-01,9.8381817e-01,1.8282285e-01,-3.4844312e-01,-40.4730756424,
-1.6277842e-02,-9.4109820e-03,-3.8540722e-03,-6.1996871e-01,9.6670276e-01,8.2850456e-05,-3.0392551e-01,-8.9791185e-01,-6.3059604e-01,1.1828287e-01,-2.1373335e-01,1.0488777e+00,9.9597788e-01,2.5595281e-01,-3.7556103e-01,-40.4930428146,
-1.8530821e-02,-2.8628998e-03,-1.4764447e-02,-5.5517256e-01,8.2847422e-01,1.3612440e-01,-2.7634048e-01,-8.9750767e-01,-7.1324277e-01,1.3310483e-01,-6.0891658e-02,1.0447328e+00,9.2202348e-01,1.5892211e-01,-2.9632181e-01,-40.4575426421,
-6.1592064e-03,-9.3491664e-03,-1.0173342e-02,-6.5274602e-01,8.5498291e-01,2.0184524e-02,-3.6667886e-01,-8.1603730e-01,-6.4028770e-01,6.0101639e-02,-1.8968119e-01,1.1539470e+00,1.0303658e+00,2.6204744e-01,-4.0945190e-01,-40.4909697991,
1.6016373e-02,4.4488669e-03,2.9679861e-02,-5.8638644e-01,8.1734425e-01,-1.9571581e-01,-3.6639059e-01,-7.9961157e-01,-6.8329954e-01,1.7339237e-02,-3.1596595e-01,1.0177175e+00,7.5900859e-01,2.5221100e-01,-5.0983840e-01,-40.4647343558,
-4.9734242e-02,-8.8723181e-03,-6.8806019e-03,-5.3293866e-01,9.9954855e-01,-7.8144304e-02,-2.6702243e-01,-9.0903443e-01,-5.3237045e-01,3.3789086e-01,-2.5621396e-01,8.7769520e-01,1.0443524e+00,2.7052158e-01,-1.8977945e-01,-40.4622649492,
1.8107841e-02,9.3929460e-03,-3.1143807e-02,-7.5435889e-01,8.3938831e-01,-8.5588142e-02,-5.7516456e-01,-8.5901427e-01,-3.2610011e-01,2.1949336e-03,-4.7148085e-01,1.1121389e+00,1.1030680e+00,3.7821513e-01,-3.0833536e-01,-40.4639544585,
7.2615258e-03,-1.5083198e-02,-5.6487587e-03,-6.5089726e-01,9.2097336e-01,1.3304695e-02,-4.1241455e-01,-8.7869638e-01,-6.6338915e-01,3.6763910e-02,-1.6879818e-01,1.0936685e+00,9.4017649e-01,3.0126184e-01,-3.8237378e-01,-40.4904970560,
7.6326085e-03,2.2876011e-02,2.0203289e-02,-8.2396948e-01,8.3730543e-01,-1.8444118e-01,-2.9784259e-01,-7.5613415e-01,-7.1297717e-01,1.2049823e-01,-3.6846140e-01,1.1527736e+00,9.2055249e-01,3.8317636e-02,-4.9836659e-01,-40.4677973055,
-4.1372706e-03,2.6602507e-02,-1.9424679e-02,-7.8071088e-01,9.0721923e-01,1.5429668e-02,-4.2608726e-01,-1.0383121e+00,-5.8319932e-01,1.9411366e-01,-3.1265301e-01,1.0075248e+00,1.0625342e+00,1.2578177e-01,-2.0487735e-01,-40.4672596089,
-3.0944594e-03,-2.0116556e-02,-1.5760623e-02,-6.1933261e-01,9.0660298e-01,2.3194216e-02,-4.0941894e-01,-8.4214163e-01,-6.3585162e-01,8.7855913e-02,-1.5229216e-01,1.1296473e+00,9.7487170e-01,3.2355502e-01,-3.3075467e-01,-40.4917752759,
-1.8256070e-03,4.2935792e-02,4.1878708e-03,-7.2118658e-01,7.6179397e-01,3.3717528e-02,-2.2883824e-01,-9.2490757e-01,-6.5701193e-01,7.1310975e-02,-2.9622462e-01,9.8998094e-01,9.1113776e-01,-4.3679714e-02,-4.1500157e-01,-40.4582615767,
2.5450320e-03,-2.4755213e-02,-2.8199557e-02,-5.6945896e-01,8.4845817e-01,-9.0928406e-02,-5.2818471e-01,-7.4346572e-01,-4.0473658e-01,7.0087150e-02,-2.9951331e-01,1.1110661e+00,9.8812175e-01,4.8605055e-01,-2.7005887e-01,-40.4656185797,
-3.1958986e-02,-8.3612790e-03,-1.8333431e-02,-5.1620054e-01,9.1592884e-01,1.0264867e-01,-3.1845984e-01,-9.8167783e-01,-6.8547463e-01,1.3993713e-01,-1.4194287e-01,1.1440001e+00,1.0743251e+00,2.9855618e-01,-3.4356728e-01,-40.4657942009,
7.0129759e-03,1.1729279e-02,-2.3669826e-03,-6.3619643e-01,7.7226019e-01,-4.1756887e-02,-4.1755393e-01,-8.5149729e-01,-4.6301019e-01,-9.9317878e-03,-3.3363491e-01,9.2483479e-01,9.7827697e-01,2.6789889e-01,-3.8771683e-01,-40.4805373568,
-6.4935815e-03,-3.8515013e-03,6.8041189e-03,-6.1047596e-01,8.7103951e-01,-1.9309700e-01,-4.1380969e-01,-8.0170143e-01,-6.1505044e-01,1.5629756e-01,-3.3318928e-01,1.1028476e+00,9.4926125e-01,3.1713802e-01,-3.8198552e-01,-40.4951220194,
-2.9893605e-02,-6.9063623e-03,1.5936755e-02,-7.1670038e-01,8.8572204e-01,-2.0217112e-01,-3.2672688e-01,-7.1711618e-01,-6.5882403e-01,3.1224853e-01,-2.5643754e-01,9.8855281e-01,1.0815852e+00,1.8200561e-01,-3.2412991e-01,-40.4752982718,
-1.6452633e-02,1.2927317e-02,-1.8875808e-02,-7.1115345e-01,9.1602868e-01,-6.3334107e-03,-2.4617809e-01,-8.3902681e-01,-4.7256804e-01,1.5590671e-01,-3.3550623e-01,1.0157499e+00,9.9049556e-01,1.1499321e-01,-2.9870930e-01,-40.4794033196,
-5.3596678e-03,-1.1622241e-02,2.0689291e-03,-6.5324777e-01,9.6241766e-01,-1.6482192e-01,-4.9172843e-01,-8.9400113e-01,-5.4931253e-01,2.0041355e-01,-3.0261907e-01,9.2598015e-01,1.0036057e+00,3.6819005e-01,-2.4671291e-01,-40.4761092700,
2.5138920e-03,-1.6445011e-02,5.1714748e-04,-6.6335690e-01,9.1639823e-01,-1.2257428e-01,-4.5746449e-01,-8.1012607e-01,-5.9653771e-01,1.1480977e-01,-2.5703269e-01,1.0524849e+00,9.7334957e-01,3.4654811e-01,-3.4560907e-01,-40.4973433171,
1.4435238e-03,-1.6116759e-02,1.1427840e-02,-6.6962910e-01,7.9946202e-01,-5.1425915e-02,-3.4442624e-01,-6.8641073e-01,-7.1535623e-01,5.9986860e-04,-1.6785319e-01,1.1797943e+00,9.9671900e-01,2.5197336e-01,-5.5137390e-01,-40.4762384109,
-8.8065360e-03,2.2861468e-02,5.7868422e-03,-5.9200591e-01,8.9754820e-01,-1.1493394e-01,-2.2482266e-01,-8.9166379e-01,-5.9314471e-01,3.2016151e-02,-4.5199466e-01,1.1975774e+00,8.9991075e-01,1.8967099e-01,-5.5401599e-01,-40.4678849784,
-2.2890408e-02,-2.8323771e-02,5.5964054e-03,-6.5617269e-01,9.4968855e-01,4.8114128e-02,-3.1395900e-01,-8.3364159e-01,-7.5101721e-01,1.4648914e-01,-3.6988676e-02,1.0101200e+00,1.0873739e+00,2.5073311e-01,-3.8422033e-01,-40.4667860950,
7.3054885e-03,-2.1305818e-02,-8.6488677e-03,-6.4630216e-01,8.7206447e-01,-1.1243773e-01,-5.3403908e-01,-7.8413558e-01,-5.0217181e-01,7.6625638e-02,-2.6682967e-01,1.0254120e+00,1.0093782e+00,4.2693561e-01,-3.0867618e-01,-40.4903000758,
1.4041040e-02,-3.8685016e-02,-3.0112652e-02,-6.5097570e-01,8.2262874e-01,-3.5192445e-02,-6.6812408e-01,-7.5116014e-01,-5.5782288e-01,8.5188858e-02,-1.3544933e-01,1.1747701e+00,1.0582623e+00,5.1309705e-01,-2.2128670e-01,-40.4622201987,
-4.5539632e-02,-3.9049283e-02,-9.7920774e-03,-4.9052858e-01,1.0823578e+00,2.3130715e-02,-3.0229235e-01,-9.3577105e-01,-6.7042214e-01,2.3213345e-01,-1.0380153e-01,1.0578722e+00,1.0916402e+00,4.1214263e-01,-3.0303794e-01,-40.4555054084,
2.6661644e-03,9.8030483e-03,-8.3541367e-03,-6.3498884e-01,7.7403849e-01,2.1976538e-02,-4.0935117e-01,-8.7562162e-01,-4.8906416e-01,-4.2150885e-02,-3.0307844e-01,1.0031497e+00,1.0513988e+00,2.8014502e-01,-4.2815807e-01,-40.4843720097,
-9.6375151e-03,2.5905790e-03,5.0132833e-03,-6.2921590e-01,8.8051575e-01,-9.1108426e-02,-3.4332299e-01,-8.5727656e-01,-6.3355839e-01,1.1066669e-01,-2.9433477e-01,1.0803676e+00,9.7931778e-01,2.4457043e-01,-4.1888610e-01,-40.4989989849,
-2.6885336e-02,1.5029992e-02,1.8245634e-02,-6.7253447e-01,9.9503905e-01,-2.4733934e-01,-3.6566356e-01,-9.6296227e-01,-5.3970951e-01,2.2966225e-01,-4.8829651e-01,9.5353252e-01,1.1259953e+00,2.8251594e-01,-3.8866168e-01,-40.4630227652,
-3.3664620e-03,2.3573479e-02,-5.1399060e-03,-7.9443753e-01,7.9467541e-01,8.5492678e-02,-2.7827221e-01,-8.5433388e-01,-5.0432277e-01,2.2476815e-02,-2.6428276e-01,8.8182229e-01,1.0818733e+00,4.2117640e-02,-3.8970625e-01,-40.4556528826,
-8.9845266e-03,-4.0359772e-03,4.8100664e-03,-6.2072229e-01,8.0525351e-01,-7.2053723e-02,-3.5926053e-01,-7.7593893e-01,-6.4225590e-01,1.0845838e-01,-2.2101641e-01,1.0545483e+00,9.7950608e-01,2.4226218e-01,-4.0123522e-01,-40.4945583307,
