UWB97XD/6-31g*
200
7,C,N,H,H,H,H,H,
-5.6290686e-01,-6.4570601e-03,-3.5877798e-02,8.4068286e-01,1.3450186e-01,3.3322233e-01,-1.0255417e+00,-6.7547590e-01,6.7684150e-01,-1.1572741e+00,9.7134560e-01,2.9966635e-01,-7.8699255e-01,-2.7935955e-01,-1.1063824e+00,1.3470165e+00,-7.9838437e-01,5.7208669e-01,1.2661715e+00,6.0952646e-01,-4.7760355e-01,-95.8043093202,
-5.6597555e-01,3.2528359e-03,-1.3169277e-02,8.3343148e-01,1.2092671e-01,3.3591330e-01,-1.0551708e+00,-6.5902346e-01,7.4109781e-01,-1.0406598e+00,9.8836678e-01,1.2544584e-02,-7.2607249e-01,-4.6278968e-01,-1.0231985e+00,1.2843157e+00,-7.7426720e-01,2.1970740e-01,1.3267927e+00,8.1350344e-01,-2.6069656e-01,-95.8193903823,
-5.5019295e-01,3.5561800e-02,-9.3296254e-03,8.3140880e-01,1.2863673e-01,3.2902911e-01,-1.0117476e+00,-8.1212932e-01,7.1940452e-01,-1.2800528e+00,8.6111528e-01,1.4805757e-01,-5.6884962e-01,-3.8866976e-01,-1.0709128e+00,1.1595354e+00,-8.8879061e-01,4.2130166e-01,1.3234762e+00,6.8591535e-01,-4.8002553e-01,-95.7922557592,
-5.3012329e-01,8.2459543e-03,-3.7193790e-02,8.1349796e-01,9.9301338e-02,3.5996205e-01,-9.5224720e-01,-6.0481137e-01,9.1787553e-01,-1.0209720e+00,1.0071894e+00,-1.1329421e-01,-9.9681008e-01,-4.7180426e-01,-1.0587056e+00,1.3942548e+00,-6.7943341e-01,9.7316906e-02,1.2215209e+00,8.7818038e-01,-2.0274656e-01,-95.7915148198,
-5.6628805e-01,-6.4661382e-03,-1.6859110e-02,8.3467716e-01,1.3378339e-01,3.3623591e-01,-1.0533630e+00,-6.8837512e-01,6.7687696e-01,-1.0318474e+00,9.7513616e-01,1.0302335e-01,-7.5988501e-01,-3.6048663e-01,-1.0417359e+00,1.3017015e+00,-7.8123212e-01,3.3442122e-01,1.3182431e+00,6.8549621e-01,-3.6284590e-01,-95.8208460855,
-5.4100478e-01,1.9664425e-02,-2.7075861e-02,8.2405478e-01,1.4451185e-01,3.5479036e-01,-1.1007800e+00,-7.8623992e-01,5.9589052e-01,-1.1312100e+00,8.6575818e-01,3.4065592e-01,-7.0109898e-01,-3.6518088e-01,-1.1075987e+00,1.2922692e+00,-7.6532215e-01,4.0174842e-01,1.2590864e+00,4.4030768e-01,-6.9442403e-01,-95.7874512714,
-5.5536830e-01,2.9702424e-03,-2.8914511e-03,8.4586877e-01,1.2297485e-01,3.7066507e-01,-1.0134335e+00,-5.2386850e-01,8.1068891e-01,-1.0753986e+00,9.4488943e-01,-2.4570215e-01,-7.4478734e-01,-6.0881090e-01,-1.0410699e+00,1.0553384e+00,-8.2639080e-01,-2.4352047e-01,1.2434106e+00,9.1534495e-01,-1.6898392e-01,-95.7837445596,
-6.0260522e-01,-1.3308180e-02,-2.3029171e-02,8.8202685e-01,1.3307698e-01,3.4264818e-01,-1.0809155e+00,-5.6451344e-01,7.3438025e-01,-1.1658567e+00,9.3987131e-01,-9.4944313e-03,-7.5586808e-01,-3.9050722e-01,-1.0102992e+00,1.2140384e+00,-8.6978018e-01,2.2966230e-01,1.3139690e+00,8.3791798e-01,-2.2544721e-01,-95.8072966122,
-5.7709920e-01,-3.0648449e-02,-4.2176951e-02,8.4919834e-01,1.0588956e-01,3.5463971e-01,-1.2026973e+00,-3.6405715e-01,8.9399052e-01,-7.6877689e-01,1.0060908e+00,-1.0678244e-01,-8.3222836e-01,-5.9207380e-01,-8.9026016e-01,1.2447726e+00,-7.2019970e-01,-9.5438749e-02,1.2282563e+00,1.1784524e+00,-2.7061343e-02,-95.7755533247,
-5.5424720e-01,1.5514299e-02,-2.0601237e-02,8.2981741e-01,1.0720167e-01,3.5981297e-01,-8.9796305e-01,-6.2886494e-01,6.9600636e-01,-9.9973601e-01,1.0837152e+00,-1.0618252e-01,-8.3196437e-01,-6.2683535e-01,-9.4805455e-01,1.2887088e+00,-7.3805678e-01,2.0569772e-02,1.1578832e+00,8.5474926e-01,-2.0316683e-01,-95.7980748669,
-5.1395273e-01,-3.0356126e-02,-1.5617089e-02,8.1974900e-01,1.5876333e-01,3.4721631e-01,-1.1091402e+00,-7.3762029e-01,5.7758361e-01,-1.1318195e+00,9.4165802e-01,1.6157275e-01,-9.4477999e-01,-8.5873604e-02,-1.0822301e+00,1.2873744e+00,-8.2452124e-01,4.6741685e-01,1.2547132e+00,4.4461882e-01,-6.1893320e-01,-95.7882635542,
-5.8306211e-01,3.2602418e-03,-1.4127737e-02,8.5295308e-01,1.2117686e-01,3.5410774e-01,-1.0777452e+00,-5.6761396e-01,7.6784188e-01,-1.1000395e+00,9.8308909e-01,-5.6568161e-02,-6.6946375e-01,-5.0953305e-01,-1.0393310e+00,1.2998902e+00,-8.3383983e-01,5.1359922e-02,1.2569785e+00,8.4793842e-01,-2.6321092e-01,-95.8117410149,
-5.4212314e-01,-5.5724718e-03,-1.9110475e-02,8.2592684e-01,1.2817752e-01,3.4531686e-01,-1.0151415e+00,-6.2787390e-01,7.1384537e-01,-1.0988816e+00,9.7516787e-01,9.1836944e-02,-7.6853400e-01,-3.7293646e-01,-1.0649593e+00,1.2332360e+00,-7.6987946e-01,2.6628092e-01,1.2543218e+00,7.0068300e-01,-3.8914549e-01,-95.8161011176,
-5.5781615e-01,1.3842611e-03,-2.4449335e-02,8.3430201e-01,1.2415749e-01,3.4488490e-01,-1.0166779e+00,-6.0899282e-01,7.5599068e-01,-1.0769433e+00,9.4580424e-01,4.2046417e-02,-7.6274168e-01,-4.1395858e-01,-1.0234936e+00,1.2808652e+00,-7.8445178e-01,2.1687558e-01,1.2518814e+00,7.5142401e-01,-2.9586366e-01,-95.8187570408,
-5.5079746e-01,-1.1107697e-02,-1.4352228e-02,8.4272683e-01,1.5212873e-01,3.4342486e-01,-1.1495073e+00,-7.3366344e-01,6.3285905e-01,-1.1068138e+00,9.8769903e-01,1.6191442e-01,-7.8588223e-01,-3.7154287e-01,-1.0946901e+00,1.2073606e+00,-8.7395215e-01,3.2407618e-01,1.2935128e+00,6.2364429e-01,-4.6208173e-01,-95.8082297480,
-5.5477113e-01,-4.5257401e-02,-2.2794362e-02,8.1620735e-01,1.0397065e-01,3.6338866e-01,-1.2075782e+00,-3.0297750e-01,9.2720211e-01,-7.6630855e-01,1.1713570e+00,-2.3554868e-01,-7.3780346e-01,-5.5074191e-01,-9.1678870e-01,1.4490253e+00,-6.7623264e-01,-3.2337412e-01,1.1667019e+00,1.0456095e+00,-9.3180239e-03,-95.7642506863,
-5.5741906e-01,-1.9276759e-02,-3.4706496e-02,8.1848371e-01,1.3368854e-01,3.3166125e-01,-9.3722546e-01,-7.2902566e-01,8.0011523e-01,-9.3079454e-01,1.0457915e+00,6.0631558e-02,-1.0486346e+00,-4.4419727e-01,-1.0379151e+00,1.2358265e+00,-7.4822342e-01,3.0752632e-01,1.5717168e+00,8.1583560e-01,-1.5868925e-01,-95.7864966198,
-5.5775690e-01,4.5802444e-06,-1.2403563e-02,8.2626891e-01,1.3094920e-01,3.4840357e-01,-1.0370280e+00,-6.2829506e-01,7.2737098e-01,-1.0069572e+00,9.5171666e-01,6.5274127e-03,-6.8510503e-01,-4.7099614e-01,-1.0065292e+00,1.2111150e+00,-7.7571410e-01,7.7044770e-02,1.3084642e+00,7.3058760e-01,-3.0155030e-01,-95.8157206273,
-5.9376460e-01,-1.9158855e-02,-4.9704749e-02,8.5152179e-01,1.5351176e-01,3.2622498e-01,-9.5553434e-01,-7.3219889e-01,7.1936607e-01,-1.0255301e+00,1.0293611e+00,3.4573564e-01,-8.3505756e-01,-3.6910993e-01,-1.0850778e+00,1.2430730e+00,-8.7560141e-01,5.6047690e-01,1.4199204e+00,6.4453632e-01,-3.2701692e-01,-95.7946633468,
-5.5569935e-01,5.8564139e-03,-1.4915382e-02,8.4929281e-01,1.2195875e-01,3.4435436e-01,-1.1339605e+00,-7.3343337e-01,6.0545224e-01,-1.0977173e+00,1.0046171e+00,9.1539934e-02,-8.1187540e-01,-3.7796161e-01,-1.0563534e+00,1.3408234e+00,-7.7020305e-01,4.0766010e-01,1.1441184e+00,7.3183584e-01,-4.7832239e-01,-95.8080670557,
-5.7593656e-01,-1.8749523e-03,-1.6049076e-02,8.4380180e-01,1.3284434e-01,3.3882523e-01,-1.0335922e+00,-6.9415408e-01,6.9462842e-01,-1.0900925e+00,9.7475427e-01,7.5150974e-02,-7.4377692e-01,-3.9160380e-01,-1.0520978e+00,1.2736421e+00,-8.0085480e-01,3.0050752e-01,1.3544414e+00,7.0907640e-01,-3.4689727e-01,-95.8202625386,
-4.9910608e-01,2.8610784e-03,-2.0976041e-02,7.8334951e-01,7.4966922e-02,3.5124820e-01,-1.0361023e+00,-3.5933793e-01,8.6861473e-01,-9.4675422e-01,1.0503284e+00,-2.0052487e-01,-9.3280613e-01,-6.2432367e-01,-9.3651676e-01,1.4692507e+00,-5.8377659e-01,-1.2153834e-01,1.1601657e+00,1.0525489e+00,-9.1228485e-03,-95.7855117901,
-5.7948399e-01,8.2863029e-05,-2.1783983e-02,8.4164345e-01,1.1420302e-01,3.5549733e-01,-9.8898816e-01,-5.7300359e-01,7.9546809e-01,-9.9753791e-01,1.0079932e+00,-1.4334536e-01,-7.7679479e-01,-5.0308120e-01,-9.5840913e-01,1.3387465e+00,-7.6550376e-01,4.8947036e-03,1.2681117e+00,8.6931950e-01,-1.6464871e-01,-95.8144157061,
-5.6646770e-01,1.5263171e-03,-2.4019752e-02,8.3881193e-01,1.2296771e-01,3.5355708e-01,-1.0607135e+00,-6.2010336e-01,7.5054342e-01,-1.0602769e+00,9.8577446e-01,1.3616804e-02,-7.4680042e-01,-4.6348208e-01,-1.0076348e+00,1.3157793e+00,-7.6219410e-01,1.2330976e-01,1.2747792e+00,7.5986785e-01,-3.1299594e-01,-95.8196730893,
-5.4482043e-01,2.2790570e-02,-2.8849836e-02,8.1797546e-01,7.7474348e-02,3.1847972e-01,-1.1319237e+00,-5.0697559e-01,7.8745162e-01,-1.0164012e+00,1.0629057e+00,-2.7981982e-02,-8.4985268e-01,-7.4143684e-01,-8.4206057e-01,1.4753360e+00,-5.9622389e-01,1.2955073e-01,1.3095602e+00,1.0712632e+00,9.8055959e-02,-95.7880609444,
-5.8081883e-01,1.1920707e-02,-2.2497728e-02,8.4570521e-01,1.2006122e-01,3.4302852e-01,-1.0625002e+00,-6.6789716e-01,7.4862140e-01,-1.0727878e+00,9.8759866e-01,3.6201719e-02,-7.8043437e-01,-5.2832788e-01,-1.0414902e+00,1.3638800e+00,-7.2939265e-01,1.8598554e-01,1.3538277e+00,7.5684625e-01,-2.3282978e-01,-95.8145685191,
-5.7215780e-01,-1.1463949e-02,-5.6360967e-02,8.4926093e-01,9.6888363e-02,3.6779970e-01,-1.2068648e+00,-2.3596221e-01,1.0518202e+00,-9.2626268e-01,1.0302594e+00,-2.1168888e-01,-8.5191375e-01,-8.3643532e-01,-8.4490681e-01,1.3336748e+00,-8.0583477e-01,-4.2464098e-01,1.2659899e+00,1.2870088e+00,2.1793661e-01,-95.7103482610,
-6.1347711e-01,-5.2262405e-03,-1.1234118e-02,8.9488751e-01,1.3619053e-01,3.6395407e-01,-1.2626287e+00,-5.4996121e-01,7.1931857e-01,-1.0999004e+00,1.0205112e+00,-1.0548312e-01,-6.3751930e-01,-6.7605257e-01,-9.8053670e-01,1.1782855e+00,-8.2647288e-01,-1.9402170e-01,1.3032938e+00,8.5789609e-01,-1.5254547e-01,-95.7858670858,
-5.8011764e-01,-7.6704905e-03,-2.7989965e-02,8.5160547e-01,1.3502651e-01,3.4926349e-01,-1.0347795e+00,-6.4311188e-01,7.0675808e-01,-1.0669425e+00,9.9488044e-01,6.5968081e-02,-7.7910221e-01,-4.4632870e-01,-9.9873573e-01,1.2454858e+00,-8.2156807e-01,2.0193185e-01,1.3322251e+00,7.5169623e-01,-3.1074265e-01,-95.8182312762,
-5.5347729e-01,6.4526149e-03,-1.6172094e-02,8.1984293e-01,1.3734235e-01,3.2762688e-01,-8.6401987e-01,-8.2851094e-01,6.4827102e-01,-1.1076237e+00,9.3495053e-01,1.9061992e-01,-7.8083521e-01,-2.4453749e-01,-1.1074436e+00,1.2349999e+00,-8.0755401e-01,5.8301485e-01,1.3493845e+00,5.6896472e-01,-4.9941224e-01,-95.8091843070,
-5.6913388e-01,1.5156278e-03,-1.1255557e-02,8.3438206e-01,1.2954347e-01,3.2601419e-01,-1.0252409e+00,-6.8779612e-01,7.0386779e-01,-1.0636284e+00,9.5176160e-01,6.5810777e-02,-6.9929272e-01,-3.8341591e-01,-1.0236135e+00,1.2637911e+00,-8.2230371e-01,3.4449399e-01,1.3357086e+00,7.5183213e-01,-2.8857762e-01,-95.8183205661,
-5.6745511e-01,-1.1585606e-02,-3.9250232e-02,8.5358453e-01,1.6175289e-01,3.4555656e-01,-1.0439385e+00,-7.7871978e-01,6.2882942e-01,-1.1343483e+00,9.2662609e-01,2.5690407e-01,-8.4269643e-01,-3.0990046e-01,-1.0068977e+00,1.1436322e+00,-8.8197213e-01,4.2517599e-01,1.3875853e+00,5.4928291e-01,-4.9161425e-01,-95.8070977456,
-5.8866858e-01,-1.1334194e-02,-2.1431964e-02,8.4251815e-01,1.3491675e-01,3.3190650e-01,-1.0681978e+00,-6.8704671e-01,6.5459794e-01,-9.8444283e-01,1.0369059e+00,1.5174556e-01,-7.0456928e-01,-4.0918478e-01,-1.0002609e+00,1.3355634e+00,-7.8102624e-01,3.4474641e-01,1.3594642e+00,7.0857608e-01,-3.2850879e-01,-95.8144520149,
-5.7616544e-01,-5.3853355e-03,-3.0628063e-02,8.6263418e-01,1.4525478e-01,3.4985435e-01,-1.0680712e+00,-7.6104194e-01,6.5274131e-01,-1.1144333e+00,9.2042303e-01,6.9441423e-02,-9.0831572e-01,-3.3683062e-01,-9.8233765e-01,1.2168987e+00,-8.3250582e-01,3.2880887e-01,1.3680551e+00,6.7044532e-01,-4.0153545e-01,-95.8118736183,
-5.9185845e-01,-5.1431246e-03,-3.9785234e-03,8.5887212e-01,1.3733041e-01,3.6617380e-01,-1.0373439e+00,-7.5444919e-01,6.0423750e-01,-1.0343664e+00,9.9275845e-01,-2.0816579e-02,-8.1444061e-01,-3.4275100e-01,-1.1378055e+00,1.3451858e+00,-6.7602158e-01,1.8747172e-01,1.2939224e+00,5.3066349e-01,-4.9876496e-01,-95.7969862131,
-5.1225346e-01,7.9432502e-03,-4.6334796e-02,7.9210144e-01,8.6523458e-02,3.4786466e-01,-9.9121124e-01,-4.1229144e-01,1.0180762e+00,-1.0941314e+00,9.5124376e-01,-7.9735048e-02,-8.4492093e-01,-5.0590944e-01,-9.2892408e-01,1.3955699e+00,-7.0766687e-01,9.2000663e-03,1.2701756e+00,1.0167258e+00,-7.7108636e-02,-95.7809490102,
-5.9887594e-01,-2.1571055e-02,-5.7102833e-03,8.5660052e-01,1.5912530e-01,3.4054679e-01,-1.1130383e+00,-8.9714378e-01,5.7283187e-01,-9.3868768e-01,1.0114172e+00,1.4100352e-01,-7.4137688e-01,-2.2146371e-01,-1.1131815e+00,1.2585772e+00,-8.0682367e-01,4.6595281e-01,1.3845782e+00,5.4005206e-01,-5.8466029e-01,-95.7983021594,
-5.3207189e-01,1.4828432e-02,-2.4700940e-02,8.0770242e-01,1.0264657e-01,3.2819289e-01,-1.0331210e+00,-6.2409592e-01,7.7255726e-01,-1.0182277e+00,9.5183122e-01,-1.9271821e-02,-8.6890703e-01,-5.3160191e-01,-8.9601052e-01,1.3167578e+00,-7.0090228e-01,2.0705296e-01,1.3629839e+00,9.2521143e-01,-1.2710975e-01,-95.8036277729,
-5.6761593e-01,-4.8170616e-03,-1.3689290e-02,8.3643228e-01,1.3179767e-01,3.3636183e-01,-1.0863763e+00,-6.8471372e-01,6.7487019e-01,-1.0185922e+00,9.7793144e-01,7.7851444e-02,-7.2896773e-01,-3.7683463e-01,-1.0270399e+00,1.3095648e+00,-7.7046108e-01,2.9792604e-01,1.2932949e+00,6.9683009e-01,-3.4959534e-01,-95.8203729112,
-5.6916207e-01,1.7195443e-02,-2.8908649e-02,8.4234834e-01,1.2896726e-01,3.2701039e-01,-9.8816657e-01,-7.4654961e-01,7.0923382e-01,-1.2743033e+00,8.9152783e-01,1.7800942e-01,-7.6536030e-01,-3.1920508e-01,-1.0219506e+00,1.3337121e+00,-7.5786889e-01,4.8080766e-01,1.4164820e+00,5.7944179e-01,-3.5707447e-01,-95.8106075797,
-5.3879601e-01,-1.5695106e-02,-9.9089928e-03,8.2056874e-01,1.4793476e-01,3.3236036e-01,-1.0489815e+00,-7.5789690e-01,6.1540991e-01,-1.0982116e+00,9.8792571e-01,2.2174028e-01,-6.8461072e-01,-2.2528373e-01,-1.0813982e+00,1.1822777e+00,-8.1847119e-01,4.7390145e-01,1.2912333e+00,5.5168271e-01,-5.6284481e-01,-95.8079183364,
-5.3889912e-01,1.4017033e-03,-1.3235536e-02,8.2319808e-01,1.1368626e-01,3.4772697e-01,-1.1105112e+00,-5.9667361e-01,7.5577354e-01,-9.7733843e-01,1.0161254e+00,-1.6747010e-01,-8.5132629e-01,-5.4464316e-01,-9.1053271e-01,1.3129891e+00,-8.1470311e-01,4.1102767e-03,1.2360934e+00,9.6082371e-01,-1.4919847e-01,-95.8050372585,
-5.9320462e-01,6.7043374e-03,-1.6979503e-02,8.6021167e-01,1.2831913e-01,3.4401259e-01,-1.0164779e+00,-6.9724101e-01,6.8165457e-01,-1.1618584e+00,9.4273597e-01,7.6969385e-02,-7.2464269e-01,-3.7049758e-01,-1.0864675e+00,1.3133030e+00,-8.0047947e-01,3.4768814e-01,1.3249893e+00,6.9576037e-01,-4.0553573e-01,-95.8162308361,
-5.5375844e-01,3.8619947e-02,-1.9008679e-02,8.0838615e-01,1.0848269e-01,3.3898690e-01,-7.8786671e-01,-6.8087822e-01,7.8205419e-01,-1.0863925e+00,8.7552088e-01,-1.0020552e-01,-7.7287877e-01,-4.9525872e-01,-9.3812263e-01,1.3493119e+00,-7.6385272e-01,1.4874661e-01,1.3212020e+00,7.4282742e-01,-1.5076929e-01,-95.7895068379,
-5.2943331e-01,-5.1105279e-04,-2.0092223e-02,8.0563498e-01,1.1412755e-01,3.0677715e-01,-1.0787344e+00,-7.3646021e-01,6.0493958e-01,-9.3455005e-01,1.0690463e+00,2.6889512e-01,-9.4614303e-01,-4.3481305e-01,-1.0786066e+00,1.4135692e+00,-7.0646107e-01,6.6813910e-01,1.2851751e+00,8.1075597e-01,-3.2337445e-01,-95.7874460598,
-5.7207006e-01,2.1351315e-04,-4.8922248e-02,8.1676203e-01,8.9008600e-02,3.2071701e-01,-9.7388649e-01,-4.9445134e-01,9.3170339e-01,-8.9484954e-01,1.1340239e+00,4.9281325e-02,-8.5165334e-01,-6.6977859e-01,-9.5220339e-01,1.4693216e+00,-7.2365791e-01,2.2239947e-01,1.3499776e+00,1.1256223e+00,9.0128988e-02,-95.7718725761,
-5.5890238e-01,-4.9616289e-03,-1.9288976e-02,8.3219630e-01,1.2487198e-01,3.3889142e-01,-1.1135881e+00,-6.2634701e-01,7.2235513e-01,-1.0332499e+00,9.7440886e-01,5.0506081e-02,-7.7185768e-01,-4.2158893e-01,-1.0008481e+00,1.3234018e+00,-7.6559526e-01,2.3046950e-01,1.3167824e+00,7.8169203e-01,-2.9383898e-01,-95.8200219951,
-5.6918216e-01,-7.2633121e-03,-1.8069405e-02,8.4434676e-01,1.2991306e-01,3.4573859e-01,-1.0866350e+00,-6.2420195e-01,7.2114992e-01,-1.0438191e+00,9.6462184e-01,2.0647604e-02,-7.9664946e-01,-4.2007363e-01,-1.0415616e+00,1.2861863e+00,-7.6872957e-01,1.9184490e-01,1.3092837e+00,7.4890208e-01,-2.9211575e-01,-95.8201435687,
-5.4810113e-01,3.4943916e-02,2.3344368e-02,8.2394350e-01,1.3084522e-01,3.2790104e-01,-9.7737396e-01,-8.4384620e-01,5.6535566e-01,-1.2660794e+00,8.6272883e-01,2.1306366e-02,-5.6291068e-01,-3.0123159e-01,-1.0887272e+00,1.2520349e+00,-8.0348438e-01,3.9008018e-01,1.2863247e+00,5.0558460e-01,-5.1038384e-01,-95.8017283166,
-6.0226315e-01,2.0496291e-03,-2.1536069e-02,8.5837251e-01,1.5185037e-01,3.2713440e-01,-1.0685618e+00,-8.9573324e-01,6.2589109e-01,-1.1249934e+00,9.4767267e-01,2.9471430e-01,-5.9061730e-01,-2.4625249e-01,-1.0636628e+00,1.2461163e+00,-7.8703898e-01,5.7633686e-01,1.4208938e+00,4.7331142e-01,-5.6299680e-01,-95.8003563169,
-5.6574047e-01,-2.2140235e-02,-7.9499558e-05,8.1914985e-01,1.4003646e-01,2.9706639e-01,-1.0475473e+00,-7.0112497e-01,7.2967887e-01,-1.0467595e+00,8.6055648e-01,1.8895289e-01,-5.8106714e-01,-8.9847893e-02,-1.0982484e+00,1.1949450e+00,-8.1404948e-01,6.4332950e-01,1.4526207e+00,6.8077189e-01,-4.0095448e-01,-95.7873180487,
-5.6856179e-01,5.0387005e-03,-4.3962542e-03,8.2817608e-01,1.0750020e-01,3.2877937e-01,-1.0454950e+00,-6.1342514e-01,7.3617768e-01,-1.0967619e+00,1.0046216e+00,1.1426531e-02,-6.5162259e-01,-4.1128674e-01,-1.0525078e+00,1.3878444e+00,-7.0925879e-01,2.8197703e-01,1.3143314e+00,8.0454862e-01,-2.7694583e-01,-95.8138138689,
-6.1317736e-01,-3.7831299e-02,-7.7877333e-03,8.6472774e-01,1.0528225e-01,3.3359975e-01,-1.3074486e+00,-3.8798106e-01,8.5873908e-01,-7.9839450e-01,1.0495569e+00,-1.6952828e-01,-7.7387202e-01,-5.1491159e-01,-1.0643735e+00,1.4404225e+00,-7.4176133e-01,4.4770762e-02,1.3174236e+00,1.1862050e+00,2.1820068e-03,-95.7712767183,
-6.0596764e-01,-1.3800463e-02,-4.0841714e-02,8.8911164e-01,1.4753038e-01,3.5500494e-01,-1.1872225e+00,-6.8394107e-01,7.7824038e-01,-1.2509596e+00,9.3799424e-01,1.7844695e-01,-7.0604491e-01,-3.1609517e-01,-1.0746397e+00,1.2113764e+00,-8.7175369e-01,3.1533590e-01,1.3947649e+00,6.9043958e-01,-4.7717729e-01,-95.7911212897,
-5.6006706e-01,-2.8957285e-02,-5.2453235e-02,8.4084743e-01,1.2792712e-01,3.5187179e-01,-1.2313278e+00,-5.3481698e-01,8.2413346e-01,-9.6609944e-01,9.8520988e-01,8.3818972e-02,-1.0065260e+00,-4.2943719e-01,-9.5340258e-01,1.3915914e+00,-7.1313250e-01,1.5276170e-01,1.4167579e+00,8.5256308e-01,-2.1519983e-01,-95.7970672533,
-5.9755290e-01,-1.6676461e-02,-2.0202581e-02,8.5421634e-01,1.7040767e-01,3.5518536e-01,-1.0928415e+00,-8.7195855e-01,5.3448540e-01,-8.1992841e-01,9.6621132e-01,2.0157388e-01,-7.8455961e-01,-3.1897813e-01,-1.0692061e+00,1.2571704e+00,-7.6596397e-01,3.2760459e-01,1.3113633e+00,4.0376505e-01,-5.6009072e-01,-95.7942339793,
-5.2614576e-01,5.9815911e-03,1.5799999e-03,8.0721456e-01,1.6196212e-01,3.1112584e-01,-9.5874542e-01,-8.2890868e-01,5.9553629e-01,-1.3705156e+00,8.7855768e-01,2.3692504e-01,-6.5909839e-01,-2.2000979e-01,-1.0417567e+00,1.1394248e+00,-8.7918073e-01,5.0085419e-01,1.5529404e+00,3.6435401e-01,-4.4817629e-01,-95.7830089422,
-5.5142426e-01,1.0974294e-02,-2.0743040e-02,8.3334994e-01,1.2637515e-01,3.4868675e-01,-1.0094384e+00,-6.3153100e-01,7.0823437e-01,-1.2405471e+00,8.9596808e-01,1.7780147e-01,-6.5147102e-01,-2.4935487e-01,-1.1417007e+00,1.3941243e+00,-7.3682648e-01,3.8299420e-01,1.1346104e+00,4.8431987e-01,-5.3254926e-01,-95.7959414949,
-5.8190781e-01,-9.7142793e-03,-2.0705927e-02,8.5907096e-01,1.2664986e-01,3.6315104e-01,-1.1047720e+00,-6.4319575e-01,7.3402572e-01,-9.7084016e-01,1.0045234e+00,-5.3796530e-02,-8.0509448e-01,-3.9798817e-01,-1.0645893e+00,1.3309385e+00,-7.5500607e-01,1.3323101e-01,1.1612065e+00,7.6018792e-01,-3.6322555e-01,-95.8150885629,
-5.7872051e-01,1.2506397e-02,-1.8213861e-02,8.5274678e-01,1.0760497e-01,3.2607976e-01,-1.1107292e+00,-5.3172994e-01,7.2299665e-01,-1.1441363e+00,9.3442339e-01,6.1355457e-03,-7.2244167e-01,-5.4747915e-01,-9.3769467e-01,1.3312396e+00,-7.7909708e-01,2.2331661e-01,1.3172264e+00,9.3683088e-01,-1.0724315e-01,-95.8112093619,
-5.8181059e-01,1.7105062e-02,-3.6626965e-02,8.6481482e-01,1.1947732e-01,3.5118309e-01,-1.0601708e+00,-6.8243486e-01,6.7579156e-01,-1.1763418e+00,1.0036381e+00,9.7837925e-02,-7.7106279e-01,-5.4096591e-01,-9.4228595e-01,1.2935460e+00,-7.6248449e-01,2.3600982e-01,1.2638164e+00,7.6341623e-01,-3.2036120e-01,-95.8102829289,
-5.7059205e-01,1.4544008e-03,-2.5941841e-03,8.6102676e-01,1.1636881e-01,3.2604814e-01,-1.0907658e+00,-6.6052592e-01,7.0590049e-01,-1.1511518e+00,1.0061454e+00,-4.1756190e-02,-8.2871950e-01,-4.5602679e-01,-1.0921204e+00,1.2334784e+00,-7.4498761e-01,3.1978953e-01,1.2889457e+00,8.5277057e-01,-1.7769533e-01,-95.8020552709,
-5.4630721e-01,-3.4223367e-02,-1.8296402e-02,8.1156415e-01,1.1782613e-01,3.4287176e-01,-9.6211958e-01,-5.7692772e-01,8.5010791e-01,-8.2419884e-01,1.1266471e+00,-1.4921105e-01,-8.5679829e-01,-3.3032751e-01,-1.0169187e+00,1.3324510e+00,-7.5927925e-01,1.3900529e-01,1.1736631e+00,8.8691676e-01,-1.6448428e-01,-95.7951746121,
-5.8110094e-01,-1.3280099e-02,-3.5547875e-02,8.4878433e-01,1.1802705e-01,3.5353592e-01,-1.1739998e+00,-5.5312794e-01,7.5948077e-01,-9.4380736e-01,1.0546492e+00,9.6230090e-02,-7.6814270e-01,-4.5599264e-01,-1.0452770e+00,1.4629700e+00,-7.6749271e-01,2.1801388e-01,1.1644303e+00,8.5179722e-01,-3.3933946e-01,-95.8073600444,
-5.8410144e-01,1.1488808e-02,-1.7108837e-02,8.6458939e-01,1.0802533e-01,3.6097828e-01,-1.1519102e+00,-6.5499783e-01,8.5271508e-01,-1.0954766e+00,9.8751146e-01,-2.0671725e-01,-7.9513466e-01,-5.2105099e-01,-1.0180128e+00,1.3304377e+00,-7.1147746e-01,-2.6342809e-02,1.2865934e+00,9.0024281e-01,-2.0225912e-01,-95.8031808828,
-5.6898326e-01,-2.4146486e-02,-3.2075562e-02,8.3940357e-01,1.3312249e-01,3.5752982e-01,-1.0713533e+00,-5.4047382e-01,7.9079038e-01,-9.3227232e-01,9.9692476e-01,7.4011333e-02,-7.9859000e-01,-4.3172777e-01,-1.0798291e+00,1.2473925e+00,-7.8778046e-01,1.2860918e-01,1.2684557e+00,8.0616820e-01,-3.2267770e-01,-95.8129762867,
-5.4095900e-01,-5.1199319e-03,1.1861743e-02,8.3258843e-01,1.5349132e-01,3.1792995e-01,-1.0762146e+00,-8.1592250e-01,6.3824373e-01,-1.2659752e+00,9.6762329e-01,1.2328237e-01,-5.6891000e-01,-2.5318247e-01,-1.0896355e+00,1.0425282e+00,-9.0559167e-01,4.2908096e-01,1.3679316e+00,5.7326031e-01,-4.6437714e-01,-95.7920248426,
-5.7165766e-01,9.4992649e-03,-2.0389456e-02,8.2856864e-01,9.9828854e-02,3.5560095e-01,-1.0268571e+00,-5.2747762e-01,8.1513643e-01,-9.5756531e-01,1.0756603e+00,-1.3735211e-01,-6.2759715e-01,-6.5647471e-01,-8.9053142e-01,1.3318592e+00,-6.9459945e-01,-1.4500278e-01,1.2294214e+00,9.3931687e-01,-1.1181831e-01,-95.8075614715,
-6.1853927e-01,-3.2042321e-02,-1.4125877e-02,8.8586378e-01,1.2894163e-01,3.5254204e-01,-1.1894448e+00,-6.5351290e-01,8.1532001e-01,-8.9354706e-01,1.0744396e+00,-1.3624576e-01,-7.9279101e-01,-3.8717771e-01,-1.1084405e+00,1.2628028e+00,-7.4084663e-01,1.2462342e-01,1.2732438e+00,8.9624083e-01,-2.3488761e-01,-95.7964008661,
-5.7836932e-01,-5.5977004e-03,-1.2946110e-02,8.4896106e-01,1.4159261e-01,3.3393127e-01,-1.1076521e+00,-7.2116286e-01,6.1589670e-01,-1.0646218e+00,9.4310045e-01,1.4237729e-01,-7.4463850e-01,-3.4564382e-01,-1.0501084e+00,1.2883651e+00,-7.7635032e-01,3.7887236e-01,1.3470719e+00,6.1737132e-01,-3.9868709e-01,-95.8193499116,
-5.6217468e-01,1.1749626e-03,-1.5122955e-02,8.3695030e-01,1.1094852e-01,3.3151963e-01,-1.0910366e+00,-5.9509355e-01,7.6307529e-01,-1.0615919e+00,9.5315444e-01,-4.9095809e-02,-8.5725653e-01,-4.3687582e-01,-1.0178576e+00,1.3719584e+00,-7.4710190e-01,2.5376582e-01,1.3304077e+00,8.9274055e-01,-1.7106830e-01,-95.8158722485,
-5.5949473e-01,-2.4714809e-02,-2.8294012e-02,8.3874708e-01,1.2078229e-01,3.4153438e-01,-1.1543604e+00,-5.0259846e-01,7.5706238e-01,-1.0055276e+00,9.7929823e-01,9.2645228e-02,-8.6465758e-01,-3.6710525e-01,-1.0698830e+00,1.3639432e+00,-7.3044360e-01,2.8517631e-01,1.2785383e+00,8.4265625e-01,-2.9299244e-01,-95.8128120736,
-5.7374787e-01,1.0183167e-02,-2.7683131e-02,8.4870368e-01,1.3400769e-01,3.3755922e-01,-9.9611497e-01,-7.3329610e-01,6.7736149e-01,-1.0677632e+00,9.1282427e-01,9.3255505e-02,-8.9963126e-01,-4.5079917e-01,-1.0287234e+00,1.2611575e+00,-8.2272398e-01,3.6016262e-01,1.3590893e+00,7.3301381e-01,-2.8546676e-01,-95.8132213941,
-5.6828439e-01,6.9365832e-03,-1.7091108e-02,8.3058733e-01,1.3035560e-01,3.2442975e-01,-9.8236185e-01,-7.2371972e-01,6.9850653e-01,-1.1183255e+00,9.2836744e-01,1.6091901e-01,-7.3556036e-01,-3.2351494e-01,-1.0894895e+00,1.3361044e+00,-7.9884046e-01,4.8194000e-01,1.3577895e+00,6.4911604e-01,-3.6887020e-01,-95.8156434722,
-5.5381340e-01,-1.0432122e-02,-3.2572858e-02,8.2066864e-01,1.6364029e-01,3.3499396e-01,-9.0816307e-01,-8.1030327e-01,6.5096599e-01,-1.0800163e+00,9.3597007e-01,3.3401883e-01,-7.5393534e-01,-2.9052117e-01,-1.0623876e+00,1.0938640e+00,-8.2792401e-01,4.6865267e-01,1.4668847e+00,4.4798344e-01,-5.0889355e-01,-95.8044284516,
-6.2673324e-01,8.2476642e-03,-2.9768674e-02,8.7722313e-01,9.7610906e-02,3.2652420e-01,-9.3379557e-01,-5.3887326e-01,8.2868415e-01,-1.1410552e+00,1.0215200e+00,-4.2184733e-02,-8.0129737e-01,-5.1689154e-01,-1.0540804e+00,1.4387938e+00,-7.9050106e-01,3.4264037e-01,1.3335636e+00,1.0133899e+00,-2.3057759e-02,-95.7933452725,
-5.7194024e-01,-5.5540889e-03,-7.7049816e-03,8.4102088e-01,1.2028813e-01,3.5070923e-01,-1.1602236e+00,-6.4546490e-01,7.3963070e-01,-9.5604473e-01,1.0248233e+00,-8.7824054e-02,-7.3788834e-01,-4.6619090e-01,-1.0241065e+00,1.3415378e+00,-7.5672561e-01,8.1720069e-02,1.2644273e+00,8.5043335e-01,-2.9605061e-01,-95.8147207351,
-6.0482991e-01,5.8484268e-03,-3.0930731e-02,8.6886919e-01,1.2615417e-01,3.5476756e-01,-1.0784212e+00,-6.2517279e-01,7.0376861e-01,-1.0563741e+00,9.9547434e-01,6.5524846e-02,-6.8619257e-01,-5.3468049e-01,-9.8529911e-01,1.3180099e+00,-8.1122416e-01,1.5354538e-01,1.2545974e+00,7.9337931e-01,-3.0638424e-01,-95.8137303844,
-5.8073366e-01,-7.5780321e-03,-1.7552689e-02,8.2983088e-01,1.5522367e-01,3.3616626e-01,-9.7431606e-01,-7.3509312e-01,5.7389671e-01,-9.3202049e-01,9.7996849e-01,2.0706952e-01,-7.0565224e-01,-4.2608175e-01,-1.0100545e+00,1.2490689e+00,-8.2499301e-01,3.0845213e-01,1.3808036e+00,5.4348505e-01,-3.7498176e-01,-95.8021946145,
-5.5251634e-01,-2.4430456e-02,-1.6548317e-02,8.2275909e-01,1.1002021e-01,3.3398214e-01,-1.1365011e+00,-5.2938151e-01,8.8037628e-01,-8.8873631e-01,1.0532690e+00,-1.2268656e-01,-7.8454685e-01,-4.1377363e-01,-9.9106884e-01,1.3277934e+00,-7.1563250e-01,9.9151760e-02,1.2579372e+00,9.7241074e-01,-9.9462092e-02,-95.8068277691,
-5.4413533e-01,-5.3121205e-03,6.3617416e-03,8.2854223e-01,1.2586920e-01,3.4329745e-01,-1.1642829e+00,-6.2370110e-01,7.6531947e-01,-1.1189660e+00,9.4783175e-01,-1.7266187e-01,-8.1843787e-01,-4.0068138e-01,-1.0488101e+00,1.3205161e+00,-7.2691274e-01,2.0717800e-02,1.3894491e+00,7.3739153e-01,-2.0209366e-01,-95.8015037456,
-5.6388927e-01,-4.2606844e-03,-5.4366644e-03,8.0351168e-01,1.3372909e-01,3.0112040e-01,-9.8524076e-01,-6.3000888e-01,7.6278281e-01,-1.0122207e+00,9.0333581e-01,1.5578291e-01,-5.9484166e-01,-3.7477365e-01,-1.0385031e+00,1.2524103e+00,-7.8134060e-01,3.7065178e-01,1.5268890e+00,7.0318127e-01,-1.6442262e-01,-95.7994901081,
-5.6051892e-01,1.1975369e-03,1.5535083e-02,8.1906253e-01,1.1841495e-01,3.2147327e-01,-1.0801566e+00,-6.7210650e-01,6.4652109e-01,-1.0214428e+00,1.0201850e+00,-6.4974539e-02,-7.1126884e-01,-4.5936188e-01,-1.0318462e+00,1.3504343e+00,-7.6752090e-01,2.3297012e-01,1.3984240e+00,8.2867670e-01,-2.2245270e-01,-95.8100674108,
-5.7648408e-01,-7.1432609e-03,-2.0721793e-02,8.4685373e-01,1.2018473e-01,3.3967370e-01,-1.1279211e+00,-6.2546223e-01,7.0436931e-01,-1.0340536e+00,1.0129318e+00,1.5085142e-02,-8.0725980e-01,-4.4308418e-01,-9.7691405e-01,1.3677344e+00,-7.2408682e-01,2.2383855e-01,1.3361386e+00,8.0894381e-01,-2.4863368e-01,-95.8184808006,
-5.8830076e-01,-1.3751894e-02,5.7322271e-03,8.5938287e-01,1.4319235e-01,3.5138658e-01,-1.1738424e+00,-6.0081697e-01,6.4006579e-01,-1.0943503e+00,9.9889827e-01,-1.0280427e-01,-7.2222120e-01,-5.3107464e-01,-1.0066291e+00,1.2284788e+00,-8.3929908e-01,-5.5693537e-02,1.4488709e+00,7.6803708e-01,-2.2424033e-01,-95.7972860997,
-5.9966701e-01,1.8776992e-02,-3.8603730e-02,8.6293739e-01,6.4310215e-02,3.5860002e-01,-1.0776144e+00,-3.9602539e-01,1.0099480e+00,-1.0361911e+00,1.0631288e+00,-2.7578226e-01,-7.0838535e-01,-7.1094942e-01,-9.0641356e-01,1.4575510e+00,-6.4524472e-01,-1.6464731e-01,1.1558123e+00,1.2354145e+00,7.1495503e-02,-95.7668923380,
-5.5741948e-01,-2.7053198e-02,-2.1368485e-02,8.2694691e-01,1.4910272e-01,3.3792982e-01,-9.7927427e-01,-6.6318512e-01,6.5578800e-01,-9.8965609e-01,9.6078289e-01,2.4265328e-01,-7.0231485e-01,-2.5740838e-01,-1.0935487e+00,1.1112456e+00,-8.4865868e-01,4.4090945e-01,1.3089329e+00,6.5956926e-01,-5.2266043e-01,-95.7989537734,
-5.5583495e-01,-1.1100963e-02,-2.0574436e-02,8.2738501e-01,1.2506211e-01,3.3391073e-01,-1.0913312e+00,-6.2340283e-01,7.5770700e-01,-9.6999264e-01,1.0119350e+00,1.1536168e-01,-7.2786057e-01,-4.2946467e-01,-1.0615073e+00,1.2511871e+00,-7.5027376e-01,2.7989349e-01,1.2794375e+00,7.9987758e-01,-3.0009380e-01,-95.8149082856,
-5.5875736e-01,-1.5217632e-02,-2.6895504e-02,8.2361144e-01,1.3781226e-01,3.3505416e-01,-9.7680587e-01,-6.8678784e-01,6.9942242e-01,-9.3529367e-01,9.4273865e-01,1.6522881e-01,-8.4716123e-01,-2.8766698e-01,-1.0798749e+00,1.2777926e+00,-7.7104884e-01,4.3802747e-01,1.3090029e+00,6.6375971e-01,-3.9250702e-01,-95.8141614962,
-5.8165109e-01,1.1341833e-03,-4.7219269e-02,8.4064132e-01,1.1824951e-01,3.3570477e-01,-9.5435923e-01,-5.9378546e-01,8.3257616e-01,-1.0621011e+00,9.2935014e-01,8.2418174e-02,-8.6305797e-01,-4.1151199e-01,-9.7266191e-01,1.3775994e+00,-7.3794502e-01,3.0608469e-01,1.3838956e+00,7.8423804e-01,-1.5708739e-01,-95.8104114953,
-5.7211477e-01,-1.9220447e-02,-2.4523530e-03,8.3258599e-01,1.4168081e-01,3.1985259e-01,-1.0189710e+00,-8.2180905e-01,6.5304661e-01,-1.0272195e+00,9.9285489e-01,6.8939999e-02,-6.9012028e-01,-1.2627500e-01,-1.0355499e+00,1.2693319e+00,-7.9633111e-01,5.3307712e-01,1.3537004e+00,6.0862511e-01,-4.5328116e-01,-95.8059497161,
-5.6924194e-01,1.5422874e-03,-2.3273399e-02,8.3773959e-01,1.2541375e-01,3.5232013e-01,-1.0901383e+00,-6.9338423e-01,6.9296438e-01,-9.6127462e-01,9.9095660e-01,1.3254073e-01,-6.2132508e-01,-3.9516935e-01,-1.0303032e+00,1.2879031e+00,-7.1228063e-01,2.5348753e-01,1.1557240e+00,6.7346764e-01,-4.8959982e-01,-95.8076024205,
-5.3549695e-01,4.6880175e-03,-3.5442382e-02,8.3912450e-01,1.1586044e-01,3.8541275e-01,-1.0919852e+00,-5.5807960e-01,6.6835260e-01,-1.0581324e+00,1.0700703e+00,-4.1326895e-02,-8.1535757e-01,-5.8014977e-01,-8.8808161e-01,1.3103474e+00,-7.4307728e-01,-9.8538995e-02,1.0152767e+00,7.7335256e-01,-3.8420820e-01,-95.7894792662,
-5.6052125e-01,-2.2304226e-02,-2.7168090e-02,8.4906554e-01,1.4456995e-01,3.3468598e-01,-1.1139090e+00,-6.5495974e-01,6.4029193e-01,-1.0498824e+00,9.4963723e-01,1.8050842e-01,-9.3308413e-01,-3.1175026e-01,-1.0730706e+00,1.2636698e+00,-8.0288345e-01,4.4949314e-01,1.3166932e+00,6.7831534e-01,-3.6403099e-01,-95.8126227470,
-5.3840500e-01,-2.4383297e-02,-1.8855711e-02,8.0039978e-01,1.4962529e-01,3.2212603e-01,-9.6695310e-01,-7.4882269e-01,6.7657971e-01,-1.0209801e+00,1.0237741e+00,2.7974290e-01,-7.6326174e-01,-1.8582086e-01,-1.1253786e+00,1.3069592e+00,-8.0347866e-01,5.6313634e-01,1.3693652e+00,5.0808865e-01,-4.8554066e-01,-95.8003222415,
-5.2859300e-01,-3.3030736e-03,-7.0066890e-03,8.0344695e-01,1.0927095e-01,2.9806879e-01,-1.1478022e+00,-6.4085352e-01,7.4933159e-01,-9.6203977e-01,1.0037625e+00,2.9725935e-02,-7.8600550e-01,-4.0641510e-01,-9.5071375e-01,1.3601896e+00,-7.4722308e-01,4.1832429e-01,1.3066291e+00,9.2653972e-01,-9.9058568e-02,-95.8069031339,
-5.9693044e-01,-3.9114743e-02,-3.4328304e-02,8.5021484e-01,1.5550877e-01,3.2641041e-01,-9.1717428e-01,-7.5642073e-01,7.2563851e-01,-9.1255707e-01,9.8187071e-01,2.7616921e-01,-8.6296415e-01,-1.4169139e-01,-1.2027599e+00,1.2002602e+00,-7.7786058e-01,6.6175723e-01,1.3877267e+00,5.7457137e-01,-4.3801793e-01,-95.7952352044,
-5.6510866e-01,-1.6097678e-03,-2.0235866e-02,8.4014076e-01,1.2533124e-01,3.4433943e-01,-1.0582714e+00,-6.2721390e-01,7.2901082e-01,-1.0747368e+00,9.8504919e-01,3.0835906e-02,-7.6462859e-01,-4.4163236e-01,-1.0197324e+00,1.2907962e+00,-7.8156924e-01,2.0107716e-01,1.2905675e+00,7.6827115e-01,-2.9013902e-01,-95.8206871572,
-5.5444473e-01,6.1864960e-03,-4.9752966e-02,8.3692974e-01,1.0805911e-01,3.5618842e-01,-1.0438867e+00,-5.6795424e-01,8.5376877e-01,-1.0246316e+00,1.0411565e+00,-3.8657606e-02,-9.8673552e-01,-6.8708503e-01,-9.0959358e-01,1.2953110e+00,-6.9767523e-01,-2.1591246e-02,1.3687180e+00,9.5524478e-01,-4.7086209e-02,-95.7975259455,
-5.6590760e-01,-1.2046255e-03,-1.6585570e-02,8.4076345e-01,1.2487941e-01,3.3944690e-01,-1.0745260e+00,-6.2293088e-01,7.1673822e-01,-1.0654029e+00,9.6846920e-01,1.7503113e-02,-7.6203191e-01,-4.5041904e-01,-1.0036727e+00,1.2758073e+00,-7.8286636e-01,2.0547479e-01,1.3094385e+00,7.9422271e-01,-2.5767708e-01,-95.8206768416,
-5.5020761e-01,-5.3551933e-04,-4.2852946e-02,8.2635182e-01,1.0193141e-01,3.4775937e-01,-1.0626533e+00,-4.0905073e-01,7.7861995e-01,-1.0845447e+00,9.8091322e-01,9.3210720e-02,-9.3547326e-01,-5.9633660e-01,-9.9413162e-01,1.4335970e+00,-7.3031569e-01,1.5421581e-01,1.3380804e+00,9.6609294e-01,-1.5847580e-01,-95.7938091078,
-5.5848628e-01,-1.3805486e-02,-1.8861335e-02,8.2962972e-01,1.3338345e-01,3.3336654e-01,-1.0469794e+00,-6.9019711e-01,6.8996358e-01,-1.0226543e+00,1.0068954e+00,1.4108694e-01,-7.4550349e-01,-3.1756699e-01,-1.0525677e+00,1.2703319e+00,-7.5510818e-01,3.8459897e-01,1.2986463e+00,6.7338860e-01,-3.9224729e-01,-95.8186035318,
-5.7806200e-01,-1.3549756e-02,-4.6943340e-02,8.3167136e-01,1.1183100e-01,3.4361079e-01,-1.0127709e+00,-4.8928502e-01,9.1960353e-01,-9.0058494e-01,1.1367053e+00,5.1466729e-02,-7.4664116e-01,-6.5331423e-01,-9.7878414e-01,1.3121071e+00,-7.2260046e-01,1.4107615e-02,1.3062085e+00,9.5286477e-01,-1.5654236e-02,-95.7961597441,
-5.5868006e-01,-1.3899123e-02,-1.2040097e-02,8.4168345e-01,1.1202335e-01,3.7115490e-01,-1.1684949e+00,-4.7298896e-01,7.1965706e-01,-1.0104144e+00,9.9383855e-01,-1.4827251e-01,-7.8347284e-01,-4.3182561e-01,-9.8831451e-01,1.4012902e+00,-6.7731583e-01,-7.3865324e-02,1.1546381e+00,8.1412017e-01,-3.1981853e-01,-95.8084714870,
-5.5407679e-01,2.2583093e-02,-1.7929602e-02,8.3892089e-01,1.3725562e-01,3.3857661e-01,-9.3330705e-01,-8.2015026e-01,5.1258457e-01,-1.2931449e+00,9.1835099e-01,2.2076446e-01,-7.8774601e-01,-3.5622957e-01,-1.0058231e+00,1.2401032e+00,-7.4893779e-01,4.8190010e-01,1.3710660e+00,4.6367884e-01,-5.2477837e-01,-95.8038064780,
-5.6110263e-01,2.1883542e-02,-3.4734618e-02,8.3385462e-01,1.3077837e-01,3.3913571e-01,-8.8965952e-01,-7.5502956e-01,6.6999942e-01,-1.2040306e+00,8.6265492e-01,1.1169231e-01,-9.3886167e-01,-3.5647351e-01,-9.8981845e-01,1.3627274e+00,-8.3820683e-01,4.4309121e-01,1.4035808e+00,6.3565785e-01,-3.5506713e-01,-95.8032840199,
-5.9051543e-01,1.7491635e-02,-3.1261846e-02,8.5983270e-01,1.2498971e-01,3.3192906e-01,-9.7046518e-01,-7.0154434e-01,7.8717446e-01,-1.1650820e+00,9.4805652e-01,2.2759501e-02,-8.1928498e-01,-6.1516464e-01,-9.5651853e-01,1.1295464e+00,-8.2002729e-01,1.9496918e-01,1.5328221e+00,8.8962018e-01,-8.3281815e-02,-95.7960570496,
-5.5146581e-01,-6.6155307e-03,-2.1292973e-02,8.1668192e-01,1.2145845e-01,3.3386365e-01,-1.0809524e+00,-5.8524919e-01,7.7893901e-01,-9.8082197e-01,9.8975480e-01,6.6420317e-02,-6.7645037e-01,-3.9460388e-01,-9.9248224e-01,1.3576158e+00,-7.5342333e-01,2.2012825e-01,1.2383186e+00,7.5851917e-01,-2.6090485e-01,-95.8132572350,
-5.1946378e-01,-3.8974211e-03,2.3081936e-03,8.1371367e-01,1.0713720e-01,3.1431699e-01,-1.1611220e+00,-5.8362967e-01,8.4498048e-01,-1.0625192e+00,9.6243769e-01,-1.2117068e-01,-8.3469737e-01,-4.4398668e-01,-1.0430313e+00,1.2270610e+00,-7.1385938e-01,1.9829980e-01,1.3363643e+00,9.6327984e-01,-5.2412480e-02,-95.7915392587,
-5.5178434e-01,-1.7397394e-03,2.1300793e-02,8.3457381e-01,1.0916120e-01,3.4889969e-01,-1.3180103e+00,-5.8175129e-01,6.8754089e-01,-8.3051765e-01,1.0072497e+00,-2.4426731e-01,-6.3606066e-01,-5.7417595e-01,-9.8567855e-01,1.2611217e+00,-7.6701659e-01,-9.7591519e-02,1.1092141e+00,1.0437536e+00,-2.4779965e-01,-95.7847895421,
-5.3420073e-01,-2.7580103e-03,-5.5286065e-03,8.2026148e-01,1.1579028e-01,3.1135386e-01,-1.1176403e+00,-7.4447978e-01,6.8667519e-01,-1.0563564e+00,9.5114219e-01,2.4220068e-02,-8.4091902e-01,-2.2152776e-01,-1.0073547e+00,1.3524032e+00,-7.7076745e-01,5.6613338e-01,1.2603353e+00,8.1852460e-01,-3.4015486e-01,-95.7998475796,
-5.2724189e-01,-9.1792550e-05,-2.3041863e-02,8.0918366e-01,1.3734655e-01,3.2072252e-01,-1.0216901e+00,-6.9517636e-01,6.7635238e-01,-1.0964110e+00,8.8075060e-01,1.6817766e-01,-8.8688904e-01,-3.7931234e-01,-9.7154689e-01,1.1975762e+00,-7.7167350e-01,3.9264315e-01,1.4755529e+00,6.7312449e-01,-2.7377418e-01,-95.8088390690,
-5.8508909e-01,-9.0989657e-03,-3.2499667e-02,8.5477269e-01,1.3389336e-01,3.6222225e-01,-1.1036798e+00,-6.0079074e-01,7.6086658e-01,-1.0432705e+00,9.9168360e-01,1.7437406e-02,-8.1843358e-01,-4.9486032e-01,-1.0136464e+00,1.3187926e+00,-8.0695039e-01,5.8456093e-02,1.3551672e+00,7.7618605e-01,-2.8916308e-01,-95.8133087502,
-5.6171048e-01,-2.0254698e-02,6.5388363e-03,8.5682690e-01,1.0820590e-01,3.4652686e-01,-1.3741553e+00,-5.5735475e-01,6.2420070e-01,-1.0240685e+00,1.0739865e+00,-1.4882511e-01,-8.6321080e-01,-3.4112534e-01,-1.0480813e+00,1.5965501e+00,-6.6623670e-01,1.9232959e-01,1.0872750e+00,8.2953221e-01,-3.1524301e-01,-95.7868917412,
-5.8307517e-01,-2.0878706e-03,-9.1274921e-03,8.5077137e-01,1.1111228e-01,3.3338770e-01,-1.1095972e+00,-5.7359225e-01,7.0951867e-01,-1.0121714e+00,1.0316448e+00,-1.3914248e-01,-8.4918720e-01,-5.5397761e-01,-9.4696242e-01,1.3872448e+00,-7.8887492e-01,1.2803473e-01,1.3359669e+00,9.8425198e-01,-5.9240341e-02,-95.8084341578,
-5.7727033e-01,-1.5966089e-02,-7.0318449e-03,8.4692580e-01,1.0520455e-01,3.4948152e-01,-1.1831172e+00,-4.8757380e-01,7.4713838e-01,-9.1424924e-01,1.0978074e+00,-2.0471877e-01,-7.5719762e-01,-5.5259770e-01,-9.3835104e-01,1.3992128e+00,-7.5440407e-01,-4.5371354e-02,1.1909328e+00,1.0376756e+00,-1.1126845e-01,-95.8022920424,
-5.9827507e-01,-6.0145976e-03,-4.9599182e-02,8.5986751e-01,1.0860845e-01,3.8746026e-01,-1.0670680e+00,-5.0362456e-01,7.5519389e-01,-7.8866827e-01,1.0792215e+00,-2.4991669e-02,-7.3760718e-01,-6.2316483e-01,-9.1255146e-01,1.3625299e+00,-6.8221259e-01,-1.1004579e-01,1.0328734e+00,9.0855765e-01,-3.1542453e-01,-95.7921771920,
-5.2927333e-01,-1.8518152e-02,-2.5139168e-02,8.1052208e-01,1.2539060e-01,3.3740893e-01,-1.0421473e+00,-5.1037240e-01,7.7427202e-01,-9.8782527e-01,9.7552383e-01,8.7359950e-02,-8.4856296e-01,-4.7070667e-01,-1.0286777e+00,1.1859255e+00,-7.9694921e-01,1.8920372e-01,1.3393351e+00,8.8860559e-01,-2.2303918e-01,-95.8057446554,
-5.2234226e-01,-5.6672236e-03,-8.5106231e-03,7.8887844e-01,9.3466848e-02,3.4876159e-01,-9.4685966e-01,-5.6469440e-01,7.4157405e-01,-8.4810036e-01,1.0850594e+00,-7.0755370e-02,-8.3070570e-01,-4.0469643e-01,-1.0759531e+00,1.4421470e+00,-6.6439569e-01,2.1465956e-01,1.0814772e+00,8.9961624e-01,-3.5086569e-01,-95.7858155057,
-5.5013633e-01,8.1180874e-03,-4.8130034e-03,8.2698119e-01,1.4104871e-01,3.3191648e-01,-1.0717698e+00,-8.0695271e-01,6.1715651e-01,-1.1848406e+00,9.2762357e-01,2.1837723e-01,-6.3490230e-01,-2.5016162e-01,-1.1217723e+00,1.2864327e+00,-7.8870195e-01,4.9323550e-01,1.3026547e+00,4.8989731e-01,-5.8809465e-01,-95.8058854790,
-5.0522637e-01,1.7969562e-02,-1.8554153e-02,7.6414406e-01,1.1253725e-01,3.1019217e-01,-8.2005715e-01,-7.4496490e-01,5.9416282e-01,-1.0439272e+00,9.6851301e-01,2.5846261e-01,-8.1536853e-01,-3.0573887e-01,-9.8651248e-01,1.4304265e+00,-7.4328649e-01,6.6284674e-01,1.3120415e+00,6.4451826e-01,-4.3678805e-01,-95.7762502196,
-5.7472843e-01,-3.1934813e-02,-2.6888542e-02,8.5655427e-01,1.2220018e-01,3.4576023e-01,-1.2262027e+00,-5.2697623e-01,7.1280342e-01,-9.0866989e-01,1.0572200e+00,-7.2010659e-02,-9.8637640e-01,-4.9994215e-01,-9.2868119e-01,1.3404680e+00,-7.4507427e-01,1.0623598e-01,1.3375562e+00,9.8624116e-01,-1.2133197e-01,-95.8023004701,
-5.6308949e-01,7.7256267e-03,-2.5425930e-02,8.2433724e-01,1.1751397e-01,3.4019837e-01,-9.9034762e-01,-6.6015530e-01,7.3561716e-01,-9.8164761e-01,9.7122759e-01,3.4018699e-02,-8.0024266e-01,-4.7081372e-01,-9.7863787e-01,1.3422595e+00,-7.5998831e-01,2.4008010e-01,1.3166786e+00,8.1107229e-01,-2.6409107e-01,-95.8169020987,
-5.6542867e-01,2.1555331e-03,-1.6196690e-02,8.4126115e-01,1.2634844e-01,3.4328851e-01,-1.1099427e+00,-6.5220869e-01,6.8882036e-01,-1.0470215e+00,9.6039188e-01,5.7937268e-02,-7.4333721e-01,-4.5150119e-01,-1.0245275e+00,1.2868822e+00,-7.8326899e-01,2.2945185e-01,1.2795967e+00,7.7187067e-01,-3.4134871e-01,-95.8195985236,
-5.6397814e-01,2.1151561e-02,-9.8304730e-03,8.4457064e-01,8.7112486e-02,3.5879651e-01,-1.1750758e+00,-3.5768697e-01,7.4350643e-01,-1.0813797e+00,9.5544088e-01,-1.9959533e-01,-6.0946846e-01,-7.0849705e-01,-8.6012232e-01,1.3823128e+00,-7.6457876e-01,-2.0252246e-01,1.0958645e+00,1.0880144e+00,-1.0190594e-01,-95.7834664388,
-5.8371240e-01,5.6994469e-03,-2.4275294e-02,8.5919166e-01,1.0741993e-01,3.4243134e-01,-1.1027656e+00,-4.9031514e-01,8.4589744e-01,-1.1447909e+00,1.0130157e+00,-7.8546815e-02,-7.7405733e-01,-6.9457918e-01,-9.8250473e-01,1.2430360e+00,-7.5580233e-01,-3.3454716e-02,1.4121304e+00,1.0176866e+00,6.2508583e-03,-95.7960932067,
-5.6100708e-01,-6.8383394e-03,-1.1302039e-02,8.3093226e-01,1.3155527e-01,3.3394724e-01,-1.0466838e+00,-6.9039816e-01,6.9270635e-01,-1.0285002e+00,9.6625268e-01,6.4145319e-02,-7.6929206e-01,-3.4531441e-01,-1.0608406e+00,1.2810229e+00,-7.8408068e-01,3.3579981e-01,1.3239752e+00,7.1773630e-01,-3.5199210e-01,-95.8201184151,
-5.8431512e-01,-2.1978278e-02,-2.2870492e-02,8.5966581e-01,1.3808168e-01,3.1759125e-01,-1.1662599e+00,-6.3255531e-01,6.8975669e-01,-1.1605935e+00,9.6396005e-01,2.2477767e-01,-8.0523717e-01,-2.6950157e-01,-1.1119664e+00,1.3541232e+00,-8.0195004e-01,5.5956477e-01,1.4032274e+00,7.0062399e-01,-3.2708862e-01,-95.8036409847,
-5.6330180e-01,-1.1087628e-02,-2.6804162e-02,8.3176303e-01,1.4771050e-01,3.3302417e-01,-1.0639002e+00,-6.5841436e-01,6.7186260e-01,-1.2087245e+00,9.7505754e-01,2.8531221e-01,-7.7046829e-01,-4.0377191e-01,-1.0754384e+00,1.2682632e+00,-7.9959798e-01,3.5825858e-01,1.5546384e+00,5.8124697e-01,-3.8093737e-01,-95.7959091858,
-6.1216199e-01,-1.2211590e-03,-2.4854932e-02,8.8020498e-01,1.2419521e-01,3.6216217e-01,-1.2078320e+00,-6.4670491e-01,7.6551461e-01,-9.0043855e-01,1.0055807e+00,-3.8013294e-02,-6.1071551e-01,-4.9492246e-01,-1.0025918e+00,1.3054063e+00,-7.4605662e-01,4.9689636e-02,1.0907125e+00,8.1193137e-01,-3.1888738e-01,-95.8017303013,
-5.8151066e-01,-6.7943837e-03,-2.1869283e-02,8.7084597e-01,1.2265837e-01,3.8323897e-01,-1.2056789e+00,-5.4387808e-01,7.1518135e-01,-1.0071692e+00,9.2126256e-01,-1.0742749e-01,-8.8941449e-01,-4.7642303e-01,-1.0632098e+00,1.3435475e+00,-6.8772042e-01,-5.6953520e-02,1.1929857e+00,7.8336269e-01,-3.7231648e-01,-95.8014345331,
-5.5975294e-01,4.7378340e-03,-3.5857368e-02,8.4050882e-01,1.2120593e-01,3.6303291e-01,-1.1335990e+00,-5.4797482e-01,8.4578353e-01,-1.0246336e+00,1.0067796e+00,-7.7592172e-02,-7.5836396e-01,-6.5599418e-01,-8.9399338e-01,1.2580582e+00,-7.8969628e-01,-1.6945902e-01,1.2763981e+00,8.8846993e-01,-1.1982162e-01,-95.8003574479,
-5.5635911e-01,-9.5859561e-03,-1.1945655e-02,8.3136272e-01,1.2675415e-01,3.0598760e-01,-1.1428558e+00,-6.6865957e-01,6.7867178e-01,-1.0574843e+00,9.3628484e-01,1.4244783e-01,-7.6953232e-01,-2.6829565e-01,-1.0261576e+00,1.3529721e+00,-8.1329918e-01,5.7323170e-01,1.3123515e+00,7.8627998e-01,-2.9045618e-01,-95.8059238680,
-5.5403870e-01,1.6704971e-02,-1.0231719e-02,8.3862263e-01,1.2617327e-01,3.3041105e-01,-1.0462177e+00,-8.3921802e-01,6.1453682e-01,-1.1593124e+00,9.6246737e-01,5.6233305e-02,-8.9001364e-01,-3.8157922e-01,-1.0257951e+00,1.3140397e+00,-7.2911924e-01,4.3391359e-01,1.3745919e+00,6.5048712e-01,-3.6750111e-01,-95.8088997567,
-5.6281793e-01,1.2034558e-02,-1.1187940e-02,8.3209223e-01,1.5333852e-01,3.1695509e-01,-9.5225191e-01,-9.6070576e-01,6.0753369e-01,-1.1212243e+00,9.4089979e-01,2.4276793e-01,-7.2038066e-01,-2.6864076e-01,-1.0932856e+00,1.1751863e+00,-8.6916757e-01,6.3957089e-01,1.3904181e+00,5.0110370e-01,-5.0293446e-01,-95.7977326436,
-5.7742381e-01,-4.2422283e-03,-1.2977028e-02,8.4616113e-01,1.1961026e-01,3.3766937e-01,-1.0843722e+00,-6.1776441e-01,7.0997012e-01,-1.0434614e+00,9.8848999e-01,-1.4204398e-02,-8.1615865e-01,-4.2607611e-01,-1.0447710e+00,1.3761146e+00,-7.4216628e-01,2.4757031e-01,1.3162460e+00,8.0213696e-01,-2.3753786e-01,-95.8190446765,
-5.5505019e-01,2.2162180e-02,-4.1495502e-02,8.2223850e-01,1.5411517e-01,3.6990458e-01,-7.4187630e-01,-9.2354023e-01,6.6674829e-01,-1.2248822e+00,9.5539767e-01,2.0177653e-01,-7.1979654e-01,-2.9466051e-01,-1.0027187e+00,1.1904715e+00,-8.7343740e-01,3.2409316e-01,1.3381677e+00,3.5266146e-01,-6.7573404e-01,-95.7674099182,
-5.9079123e-01,3.6096666e-02,-1.8710710e-02,8.5377753e-01,1.1887665e-01,3.2966641e-01,-8.6271143e-01,-8.9946491e-01,7.0217276e-01,-1.2258527e+00,9.4553578e-01,6.9536544e-02,-8.2153380e-01,-3.4419152e-01,-1.1260021e+00,1.3859410e+00,-8.0762720e-01,5.8701217e-01,1.3369440e+00,6.5737265e-01,-3.9512026e-01,-95.7901077131,
-5.9191966e-01,-1.1639738e-02,-1.5779607e-02,8.5550392e-01,1.4014332e-01,3.4036866e-01,-1.0936475e+00,-7.0751768e-01,6.6250485e-01,-1.0547760e+00,1.0309900e+00,1.1602935e-01,-7.0732987e-01,-3.7869716e-01,-1.0719886e+00,1.3136623e+00,-7.9281175e-01,3.1214651e-01,1.3316621e+00,6.5239942e-01,-3.8063377e-01,-95.8165092931,
-5.8254039e-01,4.1293493e-04,-2.5984233e-02,8.3863664e-01,1.2564589e-01,3.3455822e-01,-1.0292022e+00,-6.6919196e-01,7.0646191e-01,-1.0242881e+00,1.0065408e+00,8.2422353e-02,-7.5318354e-01,-4.4619209e-01,-9.6843028e-01,1.3746415e+00,-7.5814551e-01,2.7855045e-01,1.3605328e+00,7.3429942e-01,-2.4808319e-01,-95.8162577438,
-6.0089916e-01,9.5391646e-03,-5.2835237e-02,8.6646235e-01,1.2910175e-01,3.5149962e-01,-1.1437989e+00,-6.9589067e-01,7.1706998e-01,-1.1117973e+00,9.8339605e-01,2.9705054e-01,-7.4733293e-01,-4.4634986e-01,-1.0519444e+00,1.4709308e+00,-7.3505014e-01,3.9095879e-01,1.2788981e+00,6.2062699e-01,-4.5016539e-01,-95.7991840034,
-6.0116214e-01,-5.0934557e-02,-2.2996217e-02,8.5697538e-01,1.2218930e-01,3.5501492e-01,-1.1626985e+00,-4.4123292e-01,8.2168478e-01,-8.5816073e-01,1.0853111e+00,-1.5283433e-01,-9.0201545e-01,-4.1214722e-01,-1.0135708e+00,1.3997109e+00,-7.1809554e-01,-8.0519319e-03,1.3894126e+00,9.7141194e-01,-1.1252971e-01,-95.7966583926,
-5.4551214e-01,6.2167845e-03,-3.7883729e-02,8.4416354e-01,1.2653765e-01,3.7751091e-01,-1.1552351e+00,-5.2261984e-01,7.3693550e-01,-1.1260194e+00,9.1936541e-01,4.5583356e-02,-8.7662387e-01,-5.8600497e-01,-1.0035470e+00,1.2884158e+00,-7.9387355e-01,-4.4856459e-02,1.2454776e+00,7.8782177e-01,-3.5227439e-01,-95.7982400381,
-5.5989766e-01,-1.2329919e-02,-1.6293027e-02,8.2142353e-01,1.3232338e-01,3.3359629e-01,-1.0401328e+00,-6.6284901e-01,6.6796362e-01,-9.7716057e-01,1.0067947e+00,1.1038813e-01,-7.9511493e-01,-3.7299907e-01,-1.0358477e+00,1.3493947e+00,-7.6826823e-01,3.2989782e-01,1.3500130e+00,7.0251554e-01,-3.3549282e-01,-95.8174809461,
-5.6502223e-01,-7.3352829e-04,-2.6225410e-02,8.3718735e-01,1.3147017e-01,3.3782881e-01,-1.0071642e+00,-7.1882880e-01,7.4538040e-01,-1.0688980e+00,9.6212155e-01,9.1315337e-02,-7.5400376e-01,-3.3407843e-01,-1.0273293e+00,1.2670461e+00,-7.9839438e-01,3.5319430e-01,1.2887638e+00,6.9391435e-01,-3.5980210e-01,-95.8178791287,
-5.9138799e-01,-3.1351512e-03,-4.0860802e-02,8.6015630e-01,1.0275529e-01,3.7183058e-01,-1.1638815e+00,-4.1865894e-01,9.5568234e-01,-9.4928747e-01,1.0108267e+00,-1.2006179e-01,-6.8859875e-01,-5.8494866e-01,-1.0114206e+00,1.4062206e+00,-7.9530579e-01,-1.2830076e-01,1.0900593e+00,1.0450954e+00,-1.6176675e-01,-95.7806166504,
-5.7474744e-01,-7.3336768e-03,-1.0978026e-02,8.6158419e-01,1.2858945e-01,3.5769540e-01,-1.2686759e+00,-5.0879568e-01,7.2947502e-01,-1.0470597e+00,9.4069213e-01,-3.9443165e-02,-7.3206943e-01,-5.3973621e-01,-1.0525944e+00,1.2886845e+00,-7.5872821e-01,-3.8521320e-02,1.2400962e+00,8.0792296e-01,-2.4168545e-01,-95.8066051890,
-5.3893793e-01,-3.7785303e-03,-2.9146485e-03,8.4596378e-01,1.0838832e-01,3.7280488e-01,-1.3326739e+00,-5.5941516e-01,6.5490597e-01,-8.7770444e-01,1.1258507e+00,-1.8402725e-01,-7.4751860e-01,-6.3907635e-01,-9.4811827e-01,1.3274995e+00,-7.2988516e-01,-1.6380703e-01,9.1720575e-01,9.6104503e-01,-3.0533725e-01,-95.7752465133,
-5.8048713e-01,-4.3489367e-02,5.6604538e-03,8.6589575e-01,1.5562022e-01,3.3296138e-01,-1.1815656e+00,-7.1510136e-01,5.9399986e-01,-1.1429698e+00,1.0303249e+00,6.0873840e-02,-6.7323875e-01,-7.1752846e-02,-1.1028109e+00,1.2466249e+00,-8.3053362e-01,4.5200554e-01,1.2572070e+00,5.4545730e-01,-5.1729357e-01,-95.7971278449,
-5.9931570e-01,-8.9008315e-04,-1.8979874e-02,8.6904925e-01,1.1733388e-01,3.7657320e-01,-1.1401690e+00,-5.8449018e-01,9.1641062e-01,-9.7575861e-01,1.0249288e+00,-2.7986482e-01,-6.9190800e-01,-5.6366163e-01,-1.0154395e+00,1.2862830e+00,-8.3360589e-01,-2.2802192e-01,1.1946348e+00,9.7542882e-01,-1.8271874e-01,-95.7775660875,
-5.4351366e-01,-3.9352514e-03,-1.8073266e-02,8.2085407e-01,1.2472969e-01,3.3556947e-01,-1.0284125e+00,-6.8407482e-01,6.9111323e-01,-1.0878890e+00,9.9040550e-01,1.1675394e-01,-8.4870309e-01,-3.4063995e-01,-1.0794476e+00,1.3461988e+00,-6.9890887e-01,3.7828541e-01,1.3263005e+00,6.5127766e-01,-3.7381282e-01,-95.8138633580,
-5.5676174e-01,-4.8195217e-03,-1.2470646e-02,8.1965709e-01,1.2846047e-01,3.3236080e-01,-9.3328667e-01,-6.9578981e-01,6.8180853e-01,-1.0549227e+00,9.5708805e-01,6.9381863e-02,-7.6173586e-01,-3.1627584e-01,-1.0239326e+00,1.2477014e+00,-7.3678166e-01,3.5130119e-01,1.3854769e+00,6.7207658e-01,-3.5700798e-01,-95.8134513239,
-5.5723208e-01,-9.2164278e-03,-1.7499160e-02,8.2497787e-01,1.1364024e-01,3.8709241e-01,-1.1242317e+00,-4.8590767e-01,7.0682144e-01,-8.4616804e-01,1.0580983e+00,-1.6456854e-01,-7.3587626e-01,-5.9655339e-01,-9.1268659e-01,1.3729945e+00,-7.6034617e-01,-2.6033673e-01,1.1355942e+00,9.1930640e-01,-3.4536546e-01,-95.7766539776,
-6.0459703e-01,-4.0064979e-02,-1.8254517e-02,8.5373729e-01,1.1985074e-01,3.4085441e-01,-1.0550195e+00,-5.2424574e-01,8.0944932e-01,-7.4177146e-01,1.1622875e+00,-9.6766703e-02,-8.6948991e-01,-4.7627911e-01,-1.1120181e+00,1.3901401e+00,-7.4253607e-01,1.4605585e-01,1.2212696e+00,9.6765399e-01,-6.5204591e-02,-95.7892169548,
-5.5968887e-01,-1.6847090e-04,1.2913831e-03,8.3562589e-01,1.1260291e-01,3.4444106e-01,-1.1234411e+00,-6.4509684e-01,6.8064904e-01,-1.0478493e+00,1.0573165e+00,-1.3183683e-02,-4.8494899e-01,-3.9140514e-01,-9.9047738e-01,1.2570628e+00,-7.1694154e-01,1.6967493e-01,1.0995852e+00,7.7148151e-01,-4.3388596e-01,-95.7979248201,
-5.0011045e-01,8.5956734e-03,2.8534848e-03,7.9502857e-01,1.5171921e-01,3.4053829e-01,-1.0099050e+00,-8.5007071e-01,5.2557790e-01,-9.8608476e-01,9.2484951e-01,2.1816352e-01,-7.0384336e-01,-2.9802084e-01,-1.1263372e+00,1.1290175e+00,-8.8562816e-01,4.5720035e-01,1.0920734e+00,5.0714022e-01,-6.8447959e-01,-95.7760643590,
-5.7407451e-01,1.2233462e-02,-1.6496157e-02,8.3153731e-01,1.3601814e-01,3.3165228e-01,-8.5201371e-01,-8.2200402e-01,6.9790655e-01,-1.1916455e+00,9.5550120e-01,1.2842637e-01,-7.4500126e-01,-3.0744660e-01,-1.0977528e+00,1.2699823e+00,-8.1371742e-01,4.6627668e-01,1.4437218e+00,5.7177365e-01,-4.1806254e-01,-95.8088770137,
-5.8049548e-01,5.5094478e-03,-3.4115538e-02,8.2115436e-01,1.4891373e-01,3.3476314e-01,-8.2365662e-01,-8.5992670e-01,6.0846943e-01,-9.4272435e-01,1.0040555e+00,3.3147737e-01,-7.1746266e-01,-3.4133670e-01,-1.0674237e+00,1.3023399e+00,-7.9595172e-01,5.4966342e-01,1.3270117e+00,4.5580870e-01,-5.1356333e-01,-95.7994169525,
-5.2554464e-01,2.6422264e-03,-1.6062543e-02,7.9018432e-01,1.4904118e-01,3.2559285e-01,-9.3816918e-01,-7.9920000e-01,5.6099153e-01,-1.1167533e+00,9.0654421e-01,3.8816294e-01,-8.2415885e-01,-1.6943569e-01,-1.1920799e+00,1.4470593e+00,-7.8156722e-01,6.9887942e-01,1.3522102e+00,3.3276331e-01,-6.4343011e-01,-95.7674561568,
-5.5599797e-01,-5.3776819e-03,-2.0334261e-02,8.4120804e-01,1.1409079e-01,3.6585110e-01,-1.1340015e+00,-5.1845831e-01,8.1742561e-01,-1.0041528e+00,9.8235500e-01,-1.4583459e-01,-7.8364742e-01,-4.5192394e-01,-1.0159581e+00,1.3636848e+00,-8.0278862e-01,-1.9146949e-02,1.1064130e+00,8.9805222e-01,-2.7267668e-01,-95.8049194183,
-5.5131346e-01,-1.5994925e-02,-1.6983112e-02,8.4134096e-01,1.5165173e-01,3.4609628e-01,-1.0683336e+00,-7.1935505e-01,6.6304809e-01,-1.0769901e+00,9.3111366e-01,1.4033020e-01,-8.0754018e-01,-2.3669331e-01,-1.1290252e+00,1.2132599e+00,-8.2158744e-01,3.8039804e-01,1.2265093e+00,5.4093254e-01,-4.9686176e-01,-95.8128698230,
-5.3901678e-01,1.1614125e-02,-3.2581147e-02,8.2496148e-01,1.3789304e-01,3.4012201e-01,-8.4612936e-01,-7.9018927e-01,6.3277906e-01,-1.2082267e+00,8.8703769e-01,1.9275522e-01,-9.0308088e-01,-2.2179049e-01,-1.0467273e+00,1.2754210e+00,-8.3598089e-01,5.7235944e-01,1.2731283e+00,5.2485812e-01,-5.1991373e-01,-95.8012453799,
-5.7558179e-01,-8.8449465e-03,-3.4004949e-02,8.6283249e-01,1.3735409e-01,3.7882474e-01,-1.1980934e+00,-6.3466609e-01,7.1628940e-01,-1.0948554e+00,1.0065310e+00,-7.3124371e-02,-9.7010005e-01,-5.0096208e-01,-9.6891737e-01,1.4037240e+00,-8.3010525e-01,-3.7888348e-02,1.3476181e+00,7.6229084e-01,-3.2869425e-01,-95.7884640871,
-5.4886526e-01,-6.5310188e-03,-1.8021619e-02,8.1553781e-01,1.2727121e-01,3.4397250e-01,-9.5347238e-01,-6.7839652e-01,7.1292627e-01,-1.0644118e+00,1.0213152e+00,1.2348986e-01,-6.1636233e-01,-2.1746351e-01,-1.0670494e+00,1.3671050e+00,-7.4827701e-01,3.6882216e-01,1.1233397e+00,5.4929668e-01,-5.1122689e-01,-95.8013906565,
-5.0734723e-01,-4.0583862e-03,-2.7910212e-02,7.8865606e-01,1.1453351e-01,3.4341061e-01,-1.1180148e+00,-5.7078683e-01,8.5646760e-01,-9.4048202e-01,9.9771041e-01,-8.8625841e-02,-9.7964519e-01,-5.7904249e-01,-9.0830833e-01,1.3277513e+00,-7.4658400e-01,-3.3743352e-02,1.4302708e+00,9.5259577e-01,-7.7314287e-02,-95.7814111599,
-5.7269984e-01,9.1412989e-04,-2.2329738e-02,8.4032464e-01,1.3075547e-01,3.4372625e-01,-1.0170629e+00,-6.8094838e-01,6.8310893e-01,-1.0559089e+00,9.6976835e-01,9.9043816e-02,-7.7431583e-01,-4.1455334e-01,-1.0393754e+00,1.3044298e+00,-7.5622439e-01,2.8157672e-01,1.3189825e+00,6.7291272e-01,-3.5137889e-01,-95.8197978683,
-5.4884779e-01,6.8906513e-03,-3.9627422e-03,8.2335883e-01,1.1225717e-01,3.3830702e-01,-1.2221217e+00,-5.7378203e-01,6.8795562e-01,-1.0646092e+00,1.0097522e+00,3.5287470e-02,-6.2374395e-01,-4.9661410e-01,-1.0058843e+00,1.4387293e+00,-7.6541102e-01,1.5701282e-01,1.2045405e+00,8.1999731e-01,-3.2431102e-01,-95.8067505822,
-5.7294887e-01,-2.7115785e-03,-1.3157010e-02,8.4125930e-01,1.2502429e-01,3.3961865e-01,-1.0758500e+00,-6.4883065e-01,6.8145168e-01,-1.0392290e+00,9.9048877e-01,4.3465450e-02,-7.2425026e-01,-4.1990441e-01,-1.0216190e+00,1.3112329e+00,-7.5857621e-01,2.4978542e-01,1.2933125e+00,7.5269783e-01,-3.2197976e-01,-95.8205284916,
-5.2460641e-01,2.3051202e-02,-1.6862627e-02,8.2365757e-01,1.1312299e-01,3.4851497e-01,-1.1194351e+00,-5.3614819e-01,7.6847780e-01,-1.1462458e+00,8.5771263e-01,-8.5948557e-03,-7.3414248e-01,-5.3988528e-01,-1.0018584e+00,1.2558557e+00,-7.9890233e-01,6.8321154e-02,1.1644787e+00,8.3559620e-01,-2.5796068e-01,-95.8034715249,
-5.6197768e-01,-4.5165941e-03,-2.0068729e-02,8.3583808e-01,1.2340321e-01,3.3285251e-01,-1.0492373e+00,-6.4847159e-01,7.0727676e-01,-1.0679829e+00,9.7933221e-01,1.0012613e-01,-7.5919873e-01,-3.5751167e-01,-1.0382909e+00,1.3095857e+00,-7.5914299e-01,3.7041897e-01,1.2743944e+00,7.4534035e-01,-3.3519450e-01,-95.8196646013,
-6.0587543e-01,-3.7349232e-02,-1.8557386e-02,8.6151034e-01,1.4814158e-01,3.3526799e-01,-1.0328431e+00,-7.3279685e-01,6.6262794e-01,-8.8436592e-01,1.0459154e+00,9.1384530e-02,-9.0007329e-01,-2.5772196e-01,-1.1396437e+00,1.3011782e+00,-8.1726116e-01,4.7285557e-01,1.3634232e+00,7.1767628e-01,-3.6411220e-01,-95.8017147710,
-5.6718266e-01,-5.7681170e-03,-1.5818674e-02,8.4018916e-01,1.2754570e-01,3.4089711e-01,-1.0907791e+00,-6.3694012e-01,7.0146418e-01,-1.0433060e+00,9.7956097e-01,3.9994147e-02,-7.5716150e-01,-4.1087845e-01,-1.0236926e+00,1.3003004e+00,-7.7387786e-01,2.3608087e-01,1.2975881e+00,7.5826621e-01,-3.1192571e-01,-95.8211352983,
-5.9756297e-01,5.5891355e-03,-2.0602277e-02,8.7515467e-01,1.1632533e-01,3.6961767e-01,-1.1673157e+00,-5.0716126e-01,7.7560008e-01,-1.2079160e+00,9.9891138e-01,-1.1712680e-01,-7.1963871e-01,-6.0498041e-01,-9.9829757e-01,1.3585769e+00,-8.0208695e-01,-1.1892655e-01,1.3158194e+00,8.8470984e-01,-2.1620439e-01,-95.7967521053,
-5.7680756e-01,5.0566853e-03,-6.4939737e-02,8.2653648e-01,1.2290300e-01,3.3127719e-01,-8.1397712e-01,-6.5570951e-01,8.6805719e-01,-1.1417969e+00,1.0012256e+00,2.8686300e-01,-9.0062064e-01,-4.2156255e-01,-1.0674233e+00,1.4104898e+00,-7.2250223e-01,4.7098690e-01,1.4755280e+00,6.4625138e-01,-2.0932545e-01,-95.7891086649,
-5.3310233e-01,2.4683545e-03,8.2173236e-03,8.2458198e-01,1.4293586e-01,3.1998295e-01,-1.1881430e+00,-8.2550645e-01,5.7348508e-01,-1.1146939e+00,9.4291443e-01,1.1053951e-01,-7.4049503e-01,-3.0531132e-01,-1.0503774e+00,1.2474090e+00,-7.9309881e-01,4.3760914e-01,1.3234504e+00,5.8340698e-01,-4.4046319e-01,-95.8079651669,
-6.1827964e-01,-4.8334813e-03,-4.2606208e-02,8.9346045e-01,1.6812377e-01,3.2052740e-01,-9.3777978e-01,-9.6612543e-01,5.7409436e-01,-1.2393343e+00,9.0040767e-01,3.0393520e-01,-9.8578489e-01,-1.7976806e-01,-1.0596384e+00,1.1948727e+00,-8.4838265e-01,8.0608070e-01,1.5404191e+00,4.2588338e-01,-4.2851529e-01,-95.7843205554,
-5.8775657e-01,-1.0762975e-02,-1.4790872e-02,8.5474950e-01,1.2911105e-01,3.4341338e-01,-1.0837919e+00,-6.1596137e-01,7.2234583e-01,-1.0619209e+00,9.6990788e-01,-1.0193996e-03,-7.2512239e-01,-3.9632657e-01,-1.0263425e+00,1.2709002e+00,-7.8506315e-01,1.9831473e-01,1.3444135e+00,7.8527653e-01,-2.9205048e-01,-95.8188803988,
-5.9276193e-01,-4.7553559e-03,-2.0657254e-02,8.5147250e-01,1.1462050e-01,3.5032398e-01,-1.0992060e+00,-6.0405648e-01,8.6111075e-01,-1.0009412e+00,9.8975515e-01,-8.1666999e-02,-6.3504463e-01,-3.9244080e-01,-1.0247716e+00,1.3489373e+00,-7.2670281e-01,9.7279936e-02,1.2466340e+00,8.3076620e-01,-2.6453382e-01,-95.8100468370,
-5.9150392e-01,-7.5858785e-05,-1.6459037e-02,8.5660309e-01,1.4699954e-01,3.1415054e-01,-1.0282640e+00,-8.3346105e-01,6.7615604e-01,-1.1486030e+00,8.9992476e-01,1.6461226e-01,-8.5270232e-01,-2.8187555e-01,-1.1106198e+00,1.2666970e+00,-8.2848960e-01,5.9278142e-01,1.5244026e+00,6.1843699e-01,-3.1987885e-01,-95.8043477196,
-5.5686027e-01,4.6302704e-04,-4.4181049e-02,8.4487718e-01,1.4362068e-01,3.5495123e-01,-1.0735782e+00,-7.7341962e-01,6.6193622e-01,-1.1172913e+00,9.3931782e-01,2.7265674e-01,-7.4142474e-01,-2.7793458e-01,-1.0045797e+00,1.2527829e+00,-7.7381992e-01,4.2194811e-01,1.2033777e+00,5.1090586e-01,-6.0821223e-01,-95.8006820097,
-5.5832356e-01,-6.0907681e-03,-1.8896021e-02,8.3206260e-01,1.2704417e-01,3.3764228e-01,-1.1089603e+00,-6.2081718e-01,7.2469491e-01,-1.0341945e+00,9.7656900e-01,6.7073271e-02,-7.6707560e-01,-4.2953560e-01,-1.0190681e+00,1.3051720e+00,-7.7999246e-01,2.3703595e-01,1.3170327e+00,7.8022707e-01,-2.8854054e-01,-95.8201430113,
-5.4991990e-01,-4.0585641e-03,-3.4844097e-02,8.1102264e-01,1.2717952e-01,3.2148379e-01,-9.2534018e-01,-8.0863518e-01,7.1702772e-01,-1.0049177e+00,1.0119851e+00,1.6641244e-01,-8.5461164e-01,-2.1220283e-01,-9.7540390e-01,1.4040480e+00,-7.2162700e-01,5.8426595e-01,1.3222684e+00,6.0356987e-01,-3.7403682e-01,-95.7984346625,
-5.7885772e-01,-4.5638238e-03,-2.4550745e-02,8.5707194e-01,1.2124738e-01,3.5310647e-01,-1.1116071e+00,-5.6200618e-01,7.7731824e-01,-1.0896831e+00,1.0035043e+00,-5.0307974e-02,-7.3372483e-01,-4.6735045e-01,-9.8283851e-01,1.3250816e+00,-7.8391784e-01,7.3227525e-02,1.2232940e+00,8.1720686e-01,-2.2495359e-01,-95.8151880780,
-5.9185761e-01,-2.3843706e-02,-1.7741458e-02,8.7134582e-01,1.5049930e-01,3.4387100e-01,-1.1327596e+00,-6.0715193e-01,6.0243130e-01,-1.1755354e+00,9.2938507e-01,1.6710073e-01,-6.9587392e-01,-2.4271719e-01,-1.0616353e+00,1.2678777e+00,-8.4086996e-01,3.7263373e-01,1.2906989e+00,5.8315575e-01,-4.7003806e-01,-95.8044551001,
-5.3268474e-01,-2.8152920e-02,-4.2859241e-03,8.2963347e-01,1.2285452e-01,3.5399947e-01,-1.2959837e+00,-4.0374574e-01,7.4305409e-01,-9.4791752e-01,9.8766291e-01,-6.6287830e-02,-7.5840646e-01,-4.5907217e-01,-1.0585296e+00,1.3046347e+00,-7.9824543e-01,-2.2251815e-02,1.1099992e+00,9.1997731e-01,-2.6599157e-01,-95.7984930922,
-5.1971167e-01,-2.1779924e-03,1.3151355e-03,8.0127096e-01,1.4583431e-01,3.1516010e-01,-1.0699486e+00,-7.7554512e-01,5.9379834e-01,-1.1818564e+00,9.3869799e-01,2.2920465e-01,-7.2852480e-01,-2.3910981e-01,-1.0920018e+00,1.2822875e+00,-8.1682801e-01,5.3387773e-01,1.3943499e+00,5.0422704e-01,-4.8658007e-01,-95.8018818090,
-5.8605164e-01,-2.3972377e-02,-5.6880444e-02,8.5925770e-01,1.2127738e-01,3.8615817e-01,-1.0431936e+00,-4.2883313e-01,9.7239876e-01,-9.5030916e-01,1.1203382e+00,-6.8759240e-02,-7.9046571e-01,-6.8843740e-01,-9.8835278e-01,1.1569824e+00,-8.2464874e-01,-2.7115557e-01,1.2624198e+00,1.0425535e+00,-1.3476713e-01,-95.7585746177,
-5.3285253e-01,1.1870019e-02,-2.6980326e-02,8.0216986e-01,1.0239033e-01,3.6926064e-01,-8.9045954e-01,-5.0882351e-01,8.2561409e-01,-9.9296671e-01,9.9033338e-01,-1.5330479e-01,-8.2267225e-01,-5.7672822e-01,-9.3804723e-01,1.3298179e+00,-7.4396354e-01,-1.2511536e-01,1.2190385e+00,8.9633518e-01,-2.0233414e-01,-95.7968185130,
-5.7582974e-01,1.5466767e-03,-9.5847566e-03,8.5434794e-01,1.1052445e-01,3.5244170e-01,-1.2895495e+00,-5.6126952e-01,7.3387551e-01,-9.7453636e-01,9.9517840e-01,-1.0906061e-01,-6.5827245e-01,-5.1245552e-01,-9.5794654e-01,1.4065540e+00,-7.6164764e-01,2.1348178e-02,1.1268227e+00,9.2572844e-01,-2.6576871e-01,-95.8058767341,
-5.9121746e-01,1.0253262e-02,-1.6041290e-02,8.6733311e-01,1.3225003e-01,3.4155977e-01,-1.0936279e+00,-7.3135418e-01,6.2714171e-01,-1.2102848e+00,9.4743085e-01,6.4822927e-02,-7.1826756e-01,-3.8797376e-01,-9.9813050e-01,1.3187625e+00,-8.5004067e-01,3.4150523e-01,1.3220733e+00,7.0334709e-01,-3.9993241e-01,-95.8117118783,
-5.9574807e-01,-2.2457695e-02,-6.8271821e-03,8.7538844e-01,1.2432771e-01,3.4091392e-01,-1.2964535e+00,-5.0281596e-01,7.4730599e-01,-1.0838901e+00,9.4512779e-01,-1.5325695e-02,-7.0719284e-01,-3.9976025e-01,-1.0964136e+00,1.2948425e+00,-7.7853173e-01,1.7887869e-01,1.3184160e+00,9.0955311e-01,-2.7058628e-01,-95.8022046449,
-5.9468693e-01,-5.7277437e-03,-4.2489789e-02,8.5939705e-01,1.4141423e-01,3.5493070e-01,-1.0190159e+00,-7.3497301e-01,6.6109586e-01,-1.0114923e+00,8.9757138e-01,2.7772638e-01,-7.0603400e-01,-2.3873809e-01,-1.0775082e+00,1.2670534e+00,-8.2703078e-01,5.1577038e-01,1.2122564e+00,6.2542379e-01,-6.5391570e-01,-95.7900011299,
-5.9552372e-01,8.9114923e-03,-1.0190774e-02,8.6576372e-01,1.1587997e-01,3.5251975e-01,-1.1679990e+00,-5.8336329e-01,7.3896086e-01,-1.1797132e+00,9.8378849e-01,-6.6156007e-02,-5.5812001e-01,-4.8221958e-01,-9.7683024e-01,1.3577335e+00,-7.6148969e-01,3.7631422e-02,1.2520080e+00,7.8703409e-01,-2.9031691e-01,-95.8087076949,
-5.9412062e-01,1.0822933e-02,-1.1395801e-02,8.5005134e-01,1.3022169e-01,3.5018009e-01,-9.9771035e-01,-7.0510817e-01,7.1037656e-01,-1.0550488e+00,1.0566046e+00,1.2978241e-03,-5.7737720e-01,-5.6369823e-01,-1.0125386e+00,1.2415520e+00,-7.9813474e-01,6.0258418e-02,1.2939916e+00,7.0989043e-01,-2.8119716e-01,-95.8040843306,
-5.6523186e-01,-9.6083991e-03,-5.0041270e-02,8.4103543e-01,1.4352372e-01,3.4074262e-01,-1.1069026e+00,-7.8193223e-01,6.0326588e-01,-1.1240031e+00,9.8725319e-01,4.1830114e-01,-8.1761533e-01,-2.7078599e-01,-1.0097109e+00,1.3435687e+00,-7.3088962e-01,6.0244316e-01,1.3867093e+00,5.1749259e-01,-6.2265837e-01,-95.7835559020,
-5.7058424e-01,-2.6200404e-02,-2.2945216e-02,8.4225947e-01,9.3155503e-02,3.2892206e-01,-1.3289434e+00,-3.9780813e-01,9.1117680e-01,-9.3208915e-01,1.0026784e+00,-1.3971767e-01,-8.6127198e-01,-4.6296796e-01,-9.5678669e-01,1.4892641e+00,-6.1269855e-01,7.4647486e-02,1.3527858e+00,1.1025341e+00,2.6333004e-02,-95.7824434768,
-5.5025142e-01,-5.3594736e-03,-2.3593962e-02,8.3096725e-01,1.4839680e-01,3.3709410e-01,-9.9959642e-01,-7.6369965e-01,7.5446516e-01,-1.1013850e+00,9.2975241e-01,1.8651497e-01,-6.8843859e-01,-2.6195544e-01,-1.1060230e+00,1.1383427e+00,-8.2064927e-01,3.9691699e-01,1.2783167e+00,5.4598713e-01,-4.6081755e-01,-95.8104378171,
-5.8220249e-01,-2.4909182e-02,-3.2183558e-02,8.6433953e-01,1.5319532e-01,3.4528223e-01,-1.0502291e+00,-6.6688442e-01,6.7168272e-01,-1.0912253e+00,9.2593169e-01,2.3573953e-01,-8.2835233e-01,-2.3136757e-01,-1.1501826e+00,1.2104905e+00,-8.0657381e-01,4.6846506e-01,1.2824625e+00,5.5887055e-01,-4.8191953e-01,-95.8104649696,
-5.6847680e-01,-3.4795638e-02,-3.1074893e-02,8.4195334e-01,1.5032260e-01,3.3482119e-01,-1.1048185e+00,-6.9898140e-01,6.2822551e-01,-1.0852102e+00,1.0096321e+00,2.9823455e-01,-8.7156582e-01,-1.9202054e-01,-1.1058542e+00,1.3379350e+00,-7.5767601e-01,5.5894411e-01,1.4175349e+00,5.4632747e-01,-5.1792151e-01,-95.8012259345,
-5.6198394e-01,1.9529391e-02,-4.9311183e-03,8.2875621e-01,1.3075960e-01,3.1888047e-01,-9.6911281e-01,-8.3594006e-01,6.7183954e-01,-1.0989679e+00,9.8246551e-01,9.0442829e-02,-6.9197083e-01,-4.2589089e-01,-1.0520577e+00,1.2274210e+00,-8.6428118e-01,4.4231397e-01,1.3412223e+00,7.2393471e-01,-3.2834738e-01,-95.8077255978,
