AM1
500
3,O,H,H,
-1.0357267e-18,-4.3221796e-03,1.0907397e-01,6.2125177e-18,7.9094708e-01,-4.2427355e-01,1.0225216e-17,-7.2235096e-01,-3.7022454e-01,-0.836478684542E-01,
8.2154886e-19,9.4204498e-03,1.2214494e-01,-5.1181660e-18,6.2848979e-01,-4.4207039e-01,-7.9204082e-18,-7.7799916e-01,-5.5987346e-01,-0.735547927174E-01,
-2.0141483e-19,5.7262452e-03,1.1189234e-01,1.2421012e-17,8.4098577e-01,-3.8381034e-01,-9.2244130e-18,-9.3186545e-01,-4.5541728e-01,-0.743827992843E-01,
6.5726655e-19,1.6837696e-03,1.2612695e-01,-7.9078003e-18,6.8442827e-01,-5.2204281e-01,-2.5234964e-18,-7.1115094e-01,-5.4309839e-01,-0.903917910486E-01,
1.4591349e-18,8.0065094e-03,1.3146341e-01,-1.0471095e-17,6.4613765e-01,-5.2485657e-01,-1.2686434e-17,-7.7320671e-01,-6.2497824e-01,-0.775634453809E-01,
-1.3231751e-18,-1.6757649e-03,1.0328992e-01,1.1568618e-17,7.9916662e-01,-3.6182830e-01,9.4311312e-18,-7.7257103e-01,-3.4087279e-01,-0.819367285271E-01,
3.2848412e-19,7.1658995e-03,1.1757667e-01,8.0426275e-18,8.1530482e-01,-4.1991615e-01,-1.3255910e-17,-9.2903286e-01,-5.0952595e-01,-0.733630073155E-01,
1.1992189e-18,6.8277554e-03,1.2904762e-01,-1.0861681e-17,6.2478292e-01,-5.1305658e-01,-8.1707925e-18,-7.3314434e-01,-5.9843791e-01,-0.796540847004E-01,
8.7744931e-19,2.7332823e-03,1.2813328e-01,-4.8632943e-18,7.4602675e-01,-5.3140175e-01,-9.0624634e-18,-7.8940594e-01,-5.6558156e-01,-0.869628948770E-01,
-7.0314059e-19,-1.5313091e-03,1.1115463e-01,9.4931077e-18,8.4333128e-01,-4.2333445e-01,1.6662435e-18,-8.1902832e-01,-4.0418535e-01,-0.884179419435E-01,
-9.2343879e-19,6.6102832e-03,1.0190485e-01,1.3072188e-17,7.4401975e-01,-2.9902858e-01,1.5834547e-18,-8.4892976e-01,-3.8169041e-01,-0.710358920910E-01,
-1.0018161e-18,-5.1333536e-03,1.1014947e-01,1.0147807e-17,8.7248379e-01,-4.3787998e-01,5.7517408e-18,-7.9101372e-01,-3.7368721e-01,-0.839788529502E-01,
3.4351100e-19,2.1197067e-03,1.2174608e-01,-1.3776567e-18,7.4349403e-01,-4.8455337e-01,-4.0741123e-18,-7.7713537e-01,-5.1106036e-01,-0.929740704153E-01,
1.4924205e-19,-3.4313258e-03,1.2362008e-01,-1.4823669e-18,8.0470681e-01,-5.3413218e-01,-8.8621256e-19,-7.5024915e-01,-4.9122331e-01,-0.897169222141E-01,
1.2262060e-18,5.4719802e-03,1.3046314e-01,-8.0544801e-18,6.9564247e-01,-5.3276628e-01,-1.1406299e-17,-7.8248680e-01,-6.0119355e-01,-0.832721719334E-01,
-4.2138876e-19,-3.7935500e-03,1.1656267e-01,8.6056513e-18,9.0125489e-01,-4.8039389e-01,-1.9179055e-18,-8.4104848e-01,-4.3295541e-01,-0.786413997395E-01,
-1.1941570e-18,4.9047847e-03,9.9765092e-02,1.7206712e-17,8.0352563e-01,-2.9271251e-01,1.7454262e-18,-8.8136810e-01,-3.5404700e-01,-0.739707307750E-01,
1.0723955e-18,1.0857722e-02,1.2424033e-01,-2.6856228e-18,6.7791396e-01,-4.4971156e-01,-1.4334071e-17,-8.5023391e-01,-5.8548778e-01,-0.736095180555E-01,
-1.9185120e-18,-7.5471448e-03,1.0025543e-01,1.6745917e-17,8.9974916e-01,-3.7445945e-01,1.3702260e-17,-7.7997047e-01,-2.8008211e-01,-0.681143105977E-01,
1.8166615e-18,4.0793731e-03,1.3915834e-01,-1.3331562e-17,7.0808256e-01,-6.1047310e-01,-1.5500177e-17,-7.7282518e-01,-6.6148579e-01,-0.703344025004E-01,
-9.0690076e-19,2.1969178e-03,1.0559508e-01,1.7021173e-17,8.8069814e-01,-3.5590661e-01,-2.6280024e-18,-9.1556484e-01,-3.8337916e-01,-0.748047710512E-01,
2.5039197e-19,5.0182897e-03,1.1826395e-01,7.9555560e-18,8.3784670e-01,-4.3879798e-01,-1.1929460e-17,-9.1749060e-01,-5.0155187e-01,-0.747059163750E-01,
8.5021139e-19,4.5350557e-03,1.2636311e-01,-1.3062864e-17,5.7999229e-01,-5.0608921e-01,-4.3060707e-19,-6.5196693e-01,-5.6280029e-01,-0.708289647650E-01,
-5.4388723e-19,-5.8231130e-03,1.1658553e-01,4.0669551e-18,8.4346789e-01,-4.9326518e-01,4.5649294e-18,-7.5105083e-01,-4.2044693e-01,-0.870258894752E-01,
-1.2802535e-18,-4.2988602e-03,1.0590905e-01,1.4573078e-17,8.9542603e-01,-3.9901298e-01,5.7454725e-18,-8.2720000e-01,-3.4525561e-01,-0.796152426168E-01,
-9.4510813e-19,-4.0025651e-03,1.0998820e-01,8.3076851e-18,8.3183491e-01,-4.2952996e-01,6.6918663e-18,-7.6831126e-01,-3.7947774e-01,-0.875509646650E-01,
-8.7494802e-19,1.2649144e-03,1.0674060e-01,7.6192822e-18,7.4608606e-01,-3.7082407e-01,6.2667791e-18,-7.6616114e-01,-3.8664186e-01,-0.842019571082E-01,
-3.3916266e-19,-9.1795484e-04,1.1535498e-01,4.6441104e-18,8.0157626e-01,-4.5283070e-01,7.3864675e-19,-7.8700763e-01,-4.4135165e-01,-0.927951395015E-01,
-8.1401133e-19,-7.0534791e-03,1.1407905e-01,6.4423179e-18,8.6678076e-01,-4.8106822e-01,6.4766315e-18,-7.5483692e-01,-3.9286420e-01,-0.830659830200E-01,
-1.9693129e-18,-6.7067319e-03,9.8939545e-02,1.5238599e-17,8.5521132e-01,-3.5876271e-01,1.6015825e-17,-7.4877059e-01,-2.7489480e-01,-0.656949078841E-01,
-5.5903647e-19,-4.0395153e-03,1.1498524e-01,5.5640602e-18,8.3764720e-01,-4.6941432e-01,3.3082541e-18,-7.7353716e-01,-4.1890004e-01,-0.892900901042E-01,
7.7120349e-20,-7.9927016e-03,1.2628607e-01,-8.9335390e-18,7.4606568e-01,-5.8380789e-01,7.7095830e-18,-6.1921573e-01,-4.8385888e-01,-0.770749169659E-01,
2.5412170e-19,-6.0264993e-04,1.2274086e-01,-1.9085580e-18,7.6644522e-01,-5.0946885e-01,-2.1245377e-18,-7.5688070e-01,-5.0193274e-01,-0.931402607368E-01,
2.8311572e-19,-6.2133500e-04,1.2312867e-01,-2.6706306e-18,7.5805366e-01,-5.1266313e-01,-1.8226213e-18,-7.4819261e-01,-5.0489336e-01,-0.932969466000E-01,
5.3843719e-19,4.4947593e-03,1.2238299e-01,-9.0354874e-18,6.0599971e-01,-4.7475743e-01,4.9010038e-19,-6.7733479e-01,-5.3096455e-01,-0.749483289931E-01,
6.9676142e-19,-3.7219133e-03,1.3089445e-01,-5.6471281e-18,8.1225830e-01,-5.9367394e-01,-5.4109817e-18,-7.5318885e-01,-5.4713130e-01,-0.805188746918E-01,
-8.3434844e-19,-5.3142942e-03,1.1244699e-01,8.7612539e-18,8.7441415e-01,-4.5724300e-01,4.4804618e-18,-7.9007244e-01,-3.9078754e-01,-0.843585892357E-01,
-9.6829142e-19,-6.6948473e-03,1.1181121e-01,2.2897586e-18,7.7327871e-01,-4.6082976e-01,1.3077729e-17,-6.6702664e-01,-3.7711045e-01,-0.747192391037E-01,
1.8193969e-19,2.9394655e-03,1.1902109e-01,-3.4263620e-18,6.7608726e-01,-4.5780399e-01,5.3884737e-19,-7.2273874e-01,-4.9456212e-01,-0.881537256534E-01,
-5.8198768e-19,1.8026521e-03,1.1008668e-01,2.1777298e-18,6.8665045e-01,-3.9401424e-01,7.0588376e-18,-7.1525985e-01,-4.1655645e-01,-0.775933259401E-01,
-2.2157933e-19,4.6574241e-03,1.1247502e-01,8.5504245e-18,7.9212403e-01,-3.9511698e-01,-5.0338006e-18,-8.6604071e-01,-4.5335823e-01,-0.857834939896E-01,
1.0708809e-20,-8.5905185e-03,1.2590253e-01,-1.0179761e-17,7.2659457e-01,-5.8450222e-01,1.0009805e-17,-5.9025681e-01,-4.7707748e-01,-0.702122999513E-01,
1.1382918e-19,1.1048394e-02,1.1175537e-01,4.7469149e-18,6.7204571e-01,-3.4944668e-01,-6.5534666e-18,-8.4739172e-01,-4.8760724e-01,-0.640297005974E-01,
-9.4177666e-19,8.1314696e-03,1.0047029e-01,1.6924951e-17,7.8042132e-01,-2.7813360e-01,-1.9782715e-18,-9.0947366e-01,-3.7981790e-01,-0.666205761591E-01,
-7.9691211e-19,-4.0904069e-03,1.1196438e-01,9.0424572e-18,8.6443412e-01,-4.4576091e-01,3.6051157e-18,-7.9951638e-01,-3.9461023e-01,-0.861544420115E-01,
3.5858685e-19,-6.9577289e-03,1.2909247e-01,-8.4463768e-18,7.7407235e-01,-5.9960645e-01,2.7553438e-18,-6.6364813e-01,-5.1259983e-01,-0.820755487521E-01,
1.4542735e-18,4.2546447e-03,1.3435706e-01,-8.0639125e-18,7.4436468e-01,-5.7127738e-01,-1.5016465e-17,-8.1188899e-01,-6.2448186e-01,-0.748333397672E-01,
-8.9405082e-19,-5.1218462e-03,1.1152712e-01,4.5609854e-18,7.9502720e-01,-4.4874012e-01,9.6282500e-18,-7.1373975e-01,-3.8469127e-01,-0.847415776379E-01,
2.8767163e-19,-1.9711710e-03,1.2425087e-01,-2.2127540e-18,7.8754461e-01,-5.3000814e-01,-2.3528036e-18,-7.5626069e-01,-5.0535858e-01,-0.909014487868E-01,
3.8184415e-19,-7.2529870e-03,1.2962438e-01,-9.4322595e-18,7.6567161e-01,-6.0567349e-01,3.3721165e-18,-6.5056145e-01,-5.1497465e-01,-0.806971862398E-01,
-2.9317070e-19,1.4982714e-03,1.1404298e-01,3.8594150e-18,7.5637424e-01,-4.2731202e-01,7.9341665e-19,-7.8015292e-01,-4.4604796e-01,-0.927879709354E-01,
3.8252818e-19,-8.7350681e-03,1.3080096e-01,-7.4675186e-18,8.2136863e-01,-6.2427682e-01,1.3965195e-18,-6.8273675e-01,-5.1504445e-01,-0.758845515512E-01,
7.8623071e-20,4.4862344e-03,1.1647287e-01,9.9982934e-19,7.1043485e-01,-4.2791179e-01,-2.2476346e-18,-7.8163469e-01,-4.8401231e-01,-0.894927741079E-01,
-1.1928573e-18,-1.5857645e-03,1.0489592e-01,1.0165799e-17,7.9171693e-01,-3.7400976e-01,8.7657124e-18,-7.6654971e-01,-3.5417971e-01,-0.838982119095E-01,
-4.6377499e-19,-5.7472084e-03,1.1755660e-01,4.4237768e-18,8.5847265e-01,-5.0049639e-01,2.9366678e-18,-7.6726031e-01,-4.2862731e-01,-0.857667926427E-01,
-2.0615475e-19,3.5431243e-03,1.1355149e-01,3.1409762e-18,7.2346473e-01,-4.1062635e-01,1.3084922e-19,-7.7969670e-01,-4.5493326e-01,-0.894949591924E-01,
7.8976842e-19,-3.9549163e-03,1.3227485e-01,-1.0024836e-17,7.5651598e-01,-6.0608470e-01,-2.5093618e-18,-6.9374859e-01,-5.5662835e-01,-0.836041367439E-01,
-1.2636374e-18,-3.9659576e-03,1.0586056e-01,8.8334576e-18,7.9856086e-01,-3.9654672e-01,1.1221385e-17,-7.3561823e-01,-3.4695226e-01,-0.808611036263E-01,
2.8477290e-19,9.7759226e-03,1.1495768e-01,8.5206841e-18,7.7602440e-01,-3.8281429e-01,-1.3040238e-17,-9.3117541e-01,-5.0506258e-01,-0.716693311906E-01,
7.8172285e-19,-5.8669872e-03,1.3367790e-01,-1.3480651e-17,7.2938156e-01,-6.2917370e-01,1.0741425e-18,-6.3626820e-01,-5.5580676e-01,-0.788835889577E-01,
-3.0456586e-19,-4.7819857e-03,1.1884475e-01,-2.1342964e-18,7.5668502e-01,-5.0468326e-01,6.9679776e-18,-6.8079138e-01,-4.4488436e-01,-0.876692778117E-01,
-1.2659089e-18,-3.8148952e-03,1.0571230e-01,8.2970690e-18,7.8710908e-01,-3.9442572e-01,1.1793825e-17,-7.2656393e-01,-3.4672034e-01,-0.793028496569E-01,
-6.9793752e-19,-1.6671330e-03,1.1132860e-01,1.0338062e-17,8.5996038e-01,-4.2556423e-01,7.3871261e-19,-8.3350176e-01,-4.0471667e-01,-0.862326958125E-01,
1.1239568e-18,-3.2545072e-03,1.3602328e-01,-1.5676346e-17,6.9641274e-01,-6.3145047e-01,-2.1616632e-18,-6.4476132e-01,-5.9075278e-01,-0.789862824481E-01,
1.8943635e-19,-6.0927831e-03,1.2623434e-01,-4.0191544e-18,8.1072611e-01,-5.7151806e-01,1.0126618e-18,-7.1402925e-01,-4.9532762e-01,-0.851017598067E-01,
-3.3649464e-19,2.9022051e-03,1.1237929e-01,5.9081752e-18,7.6193702e-01,-4.0533191e-01,-5.6776075e-19,-8.0799717e-01,-4.4162408e-01,-0.907675056916E-01,
-2.4715061e-19,4.7290971e-04,1.1544307e-01,4.4136434e-18,7.8766263e-01,-4.4483337e-01,-4.9118424e-19,-7.9516810e-01,-4.5074713e-01,-0.930912117284E-01,
-8.2776005e-19,-6.2899101e-03,1.1330049e-01,3.4429896e-18,8.0389786e-01,-4.7011584e-01,9.6941630e-18,-7.0407242e-01,-3.9146030e-01,-0.836223340822E-01,
2.9343772e-19,-2.1932495e-03,1.2450005e-01,-7.3094832e-18,7.0858055e-01,-5.3337401e-01,2.6524132e-18,-6.7377210e-01,-5.0594735e-01,-0.896884900988E-01,
-1.7357390e-18,-9.3614124e-03,1.0403685e-01,1.1543260e-17,8.6726338e-01,-4.1581014e-01,1.6004178e-17,-7.1869099e-01,-2.9874533e-01,-0.641784629344E-01,
6.0943716e-19,-1.0118644e-03,1.2763545e-01,-1.4889431e-17,6.0699284e-01,-5.5086786e-01,5.2172221e-18,-5.9093380e-01,-5.3821445e-01,-0.708551321874E-01,
3.2739116e-19,1.1714339e-03,1.2228583e-01,-4.2455525e-18,7.0961851e-01,-4.9476555e-01,-9.5038203e-19,-7.2821003e-01,-5.0941437e-01,-0.929041370433E-01,
-1.5312606e-19,5.6998902e-03,1.1253447e-01,9.0123454e-18,7.9199421e-01,-3.8907078e-01,-6.5821243e-18,-8.8245565e-01,-4.6034810e-01,-0.831020443841E-01,
-1.1724912e-18,-9.7712837e-03,1.1160761e-01,8.0546861e-18,8.8978934e-01,-4.7844958e-01,1.0553599e-17,-7.3471195e-01,-3.5625935e-01,-0.736082955100E-01,
-2.8609223e-19,2.3407848e-03,1.1347023e-01,1.0243641e-17,8.4818262e-01,-4.1749915e-01,-5.7031502e-18,-8.8533258e-01,-4.4677076e-01,-0.819935256357E-01,
-9.1422049e-19,3.0894612e-03,1.0479763e-01,7.1243858e-18,7.0395744e-01,-3.4399790e-01,7.3849568e-18,-7.5298941e-01,-3.8263172e-01,-0.721963407962E-01,
9.6544375e-19,-4.2900592e-03,1.3479950e-01,-8.0475475e-18,8.1689304e-01,-6.2821412e-01,-7.2747449e-18,-7.4880672e-01,-5.7456678e-01,-0.732190024272E-01,
1.2316645e-18,1.0915482e-02,1.2624428e-01,-3.9833565e-18,6.7644405e-01,-4.6525246e-01,-1.5564053e-17,-8.4968066e-01,-6.0175097e-01,-0.728026696098E-01,
-9.4480528e-19,8.0362475e-03,1.0050634e-01,1.4200347e-17,7.3704392e-01,-2.7901509e-01,7.9439820e-19,-8.6458504e-01,-3.7950864e-01,-0.639823877901E-01,
3.6893961e-19,8.0360193e-03,1.1741164e-01,-5.0016915e-18,5.9370828e-01,-4.1316622e-01,-8.5364708e-19,-7.2124577e-01,-5.1365691e-01,-0.606472109007E-01,
6.4089752e-19,-7.4170018e-03,1.3308708e-01,-1.0017886e-17,7.9228252e-01,-6.3417679e-01,-1.5362357e-19,-6.7456931e-01,-5.4142696e-01,-0.769053103940E-01,
1.5825954e-18,3.2801102e-03,1.3677616e-01,-1.5779984e-17,6.5044802e-01,-5.9656709e-01,-9.3369534e-18,-7.0250577e-01,-6.3758498e-01,-0.781281987555E-01,
1.5542278e-19,-1.3352070e-03,1.2204801e-01,-3.5947280e-18,7.3774338e-01,-5.0855124e-01,1.1280558e-18,-7.1655267e-01,-4.9185443e-01,-0.932815011790E-01,
1.1965527e-18,-2.5280577e-03,1.3638504e-01,-1.1744177e-17,7.5850868e-01,-6.2977910e-01,-7.2459831e-18,-7.1838659e-01,-5.9816563e-01,-0.772423576371E-01,
1.1504056e-18,7.6252744e-03,1.2779111e-01,-5.1254828e-18,6.9947898e-01,-4.9809915e-01,-1.3132288e-17,-8.2049763e-01,-5.9345347e-01,-0.808960760123E-01,
4.4657355e-20,-2.9796537e-03,1.2191841e-01,-3.8250875e-18,7.4572533e-01,-5.1780468e-01,3.1163428e-18,-6.9843602e-01,-4.8054403e-01,-0.916742560351E-01,
1.2887470e-19,9.3560899e-03,1.1328240e-01,5.9128897e-18,7.1989542e-01,-3.7214535e-01,-7.9582253e-18,-8.6838335e-01,-4.8914358e-01,-0.762114522832E-01,
-1.1727993e-18,4.7173426e-03,1.0018761e-01,1.2480686e-17,7.3208642e-01,-2.9723734e-01,6.1324904e-18,-8.0695409e-01,-3.5622787e-01,-0.683723995634E-01,
-3.4606642e-19,-2.0273365e-03,1.1614026e-01,1.6331099e-18,7.6911491e-01,-4.6599862e-01,3.8592157e-18,-7.3693961e-01,-4.4064671e-01,-0.929572931864E-01,
-1.6091906e-18,-3.6280681e-03,1.0114779e-01,1.2178598e-17,8.0304682e-01,-3.5703647e-01,1.3360427e-17,-7.4546677e-01,-3.1166735e-01,-0.738246117044E-01,
-1.0698932e-19,8.3865775e-03,1.1101123e-01,1.2281586e-17,8.0872434e-01,-3.6018473e-01,-1.0583589e-17,-9.4182545e-01,-4.6505919e-01,-0.715435783373E-01,
1.4156294e-19,-2.9416459e-03,1.2313543e-01,-4.7442005e-18,7.4267024e-01,-5.2722460e-01,2.4974940e-18,-6.9598418e-01,-4.9043921e-01,-0.914749108133E-01,
-6.0371203e-19,2.8127383e-03,1.0901126e-01,2.6607712e-18,6.7569298e-01,-3.7916476e-01,6.9205768e-18,-7.2033316e-01,-4.1433814e-01,-0.729866140944E-01,
-2.0150179e-19,-5.1257741e-03,1.2044185e-01,-7.1173565e-18,6.9411814e-01,-5.1950639e-01,1.0315338e-17,-6.1276835e-01,-4.5540839e-01,-0.746173347141E-01,
3.2781374e-19,1.1099103e-03,1.2233974e-01,-5.1156116e-18,6.9644058e-01,-4.9557805e-01,-8.7029947e-20,-7.1405566e-01,-5.0945753e-01,-0.918278850787E-01,
-1.8775891e-19,7.0737908e-03,1.1100628e-01,2.6689824e-18,6.6210622e-01,-3.6835366e-01,3.1088756e-19,-7.7437240e-01,-4.5681170e-01,-0.714120894408E-01,
3.8981509e-19,-3.2318407e-03,1.2655857e-01,-1.1503072e-17,6.6906714e-01,-5.5620283e-01,5.3164238e-18,-6.1777550e-01,-5.1578856e-01,-0.806880346652E-01,
1.0714435e-18,6.2153400e-03,1.2788595e-01,-3.8912805e-18,7.3177868e-01,-5.0766754e-01,-1.3113305e-17,-8.3042067e-01,-5.8539057e-01,-0.816827123302E-01,
9.9760696e-20,1.5261425e-03,1.1907721e-01,-2.4229816e-18,7.0425427e-01,-4.6708626e-01,8.3970702e-19,-7.2847527e-01,-4.8617071e-01,-0.918770209170E-01,
-1.7644869e-18,-9.8817609e-04,9.7069398e-02,1.7121380e-17,8.2174605e-01,-3.0816701e-01,1.0882308e-17,-8.0606300e-01,-2.9580984e-01,-0.737698934558E-01,
5.9015454e-19,-7.2473548e-03,1.3230047e-01,-8.7091729e-18,8.0438697e-01,-6.2687391e-01,-6.5700847e-19,-6.8936622e-01,-5.3624547e-01,-0.775324967447E-01,
1.5922811e-18,2.4389636e-03,1.3756356e-01,-1.5023064e-17,6.7741430e-01,-6.0807467e-01,-1.0247592e-17,-7.1612239e-01,-6.3857400e-01,-0.775664449254E-01,
6.6411488e-19,-6.8704206e-03,1.3295518e-01,-8.4896607e-18,8.1157452e-01,-6.2971258e-01,-2.0503247e-18,-7.0253593e-01,-5.4379767e-01,-0.764750373640E-01,
-2.6946016e-19,4.0856660e-03,1.1230940e-01,4.0715827e-18,7.2184813e-01,-3.9737767e-01,2.0494537e-19,-7.8669059e-01,-4.4846907e-01,-0.876948613407E-01,
2.9103169e-19,4.2358311e-03,1.1940342e-01,3.4580802e-18,7.8208220e-01,-4.5273244e-01,-8.0769646e-18,-8.4930789e-01,-5.0570166e-01,-0.870352902870E-01,
3.6303753e-19,7.5949733e-03,1.1768322e-01,4.9696250e-18,7.6278710e-01,-4.1807887e-01,-1.0731295e-17,-8.8332486e-01,-5.1305425e-01,-0.808544286402E-01,
-8.1261386e-19,7.3549896e-03,1.0274415e-01,1.5250621e-17,7.8213948e-01,-3.0103248e-01,-2.3538496e-18,-8.9886856e-01,-3.9300689e-01,-0.720834989285E-01,
6.5770397e-20,5.6227390e-03,1.1541200e-01,7.5584993e-18,7.9784328e-01,-4.1238737e-01,-8.6023235e-18,-8.8708025e-01,-4.8269993e-01,-0.824465027046E-01,
-1.2685280e-20,-1.4511555e-03,1.1997618e-01,-7.1234793e-18,6.6016883e-01,-4.9283543e-01,7.3248051e-18,-6.3713789e-01,-4.7468868e-01,-0.787405706808E-01,
-1.2578005e-18,-9.3265129e-03,1.1015941e-01,9.8666939e-18,9.0126717e-01,-4.6417665e-01,1.0095514e-17,-7.5324869e-01,-3.4754828e-01,-0.737386651392E-01,
1.5663727e-18,5.1510921e-03,1.3509321e-01,-1.1373675e-17,6.9061232e-01,-5.7151383e-01,-1.3485795e-17,-7.7236390e-01,-6.3592845e-01,-0.776978904188E-01,
3.0637516e-19,-5.4667788e-03,1.2724584e-01,-4.4936165e-18,8.0819702e-01,-5.7563066e-01,-3.6878028e-19,-7.2143525e-01,-5.0726843e-01,-0.850862195765E-01,
6.0840463e-19,5.8094906e-03,1.2224741e-01,-9.7962901e-18,5.8177650e-01,-4.6546113e-01,1.4046768e-19,-6.7397732e-01,-5.3810906e-01,-0.667313216878E-01,
-8.9367063e-19,6.2502068e-03,1.0257162e-01,1.3665319e-17,7.6327878e-01,-3.0657101e-01,5.1788165e-19,-8.6247408e-01,-3.8473010e-01,-0.745647282480E-01,
-1.0276861e-18,-7.1036480e-03,1.1136904e-01,2.6665441e-18,7.7822286e-01,-4.5987695e-01,1.3643580e-17,-6.6548282e-01,-3.7104559e-01,-0.728936739600E-01,
6.6931940e-19,-8.7288842e-03,1.3448648e-01,-1.4732485e-17,7.3979110e-01,-6.5348411e-01,4.1099011e-18,-6.0125732e-01,-5.4432911e-01,-0.708223762852E-01,
-3.8536292e-19,3.7995204e-03,1.1104344e-01,6.5103258e-18,7.5119680e-01,-3.8912094e-01,-3.9433706e-19,-8.1149799e-01,-4.3663406e-01,-0.886123080947E-01,
1.1889205e-18,4.2885318e-03,1.3091584e-01,-7.6255489e-18,7.1659768e-01,-5.4375803e-01,-1.1243484e-17,-7.8465980e-01,-5.9738630e-01,-0.835503032432E-01,
-5.8439002e-19,1.5979429e-03,1.1021706e-01,6.0752747e-18,7.5323975e-01,-3.9632881e-01,3.1994196e-18,-7.7860028e-01,-4.1631114e-01,-0.896503188379E-01,
1.3031612e-18,5.5571157e-03,1.3138631e-01,-5.1165447e-18,7.5224441e-01,-5.3955966e-01,-1.5565570e-17,-8.4043992e-01,-6.0905159e-01,-0.756937161927E-01,
5.0673638e-19,-2.9452010e-03,1.2783724e-01,-1.1215582e-17,6.8436539e-01,-5.6455737e-01,3.1733078e-18,-6.3762289e-01,-5.2772754e-01,-0.845441263595E-01,
-2.7143280e-19,-1.7388132e-03,1.1687330e-01,8.6564708e-18,8.8890809e-01,-4.7001156e-01,-4.3486357e-18,-8.6131185e-01,-4.4826764e-01,-0.788719195623E-01,
1.5620826e-18,6.0174600e-03,1.3435537e-01,-9.5466883e-18,7.0614344e-01,-5.6024182e-01,-1.5244695e-17,-8.0164486e-01,-6.3549042e-01,-0.758954527342E-01,
6.2713228e-20,1.9394089e-03,1.1827487e-01,-1.0189367e-18,7.1582407e-01,-4.5813537e-01,2.3632550e-20,-7.4660391e-01,-4.8238775e-01,-0.926205590241E-01,
-2.0050722e-18,-2.7742207e-03,9.5380858e-02,2.1638949e-17,8.9269096e-01,-3.0593508e-01,1.0183000e-17,-8.4866202e-01,-2.7124336e-01,-0.694706497712E-01,
-1.4227821e-18,-4.6156207e-03,1.0432459e-01,1.1446509e-17,8.3092159e-01,-3.8842031e-01,1.1134074e-17,-7.5766838e-01,-3.3070180e-01,-0.799898958021E-01,
-8.6796351e-19,7.1261235e-04,1.0726565e-01,4.5556248e-18,7.0572329e-01,-3.7844384e-01,9.2195864e-18,-7.1703297e-01,-3.8735509e-01,-0.754446607123E-01,
9.2196434e-19,1.7829690e-03,1.2945488e-01,-1.1749093e-17,6.5442419e-01,-5.4783094e-01,-2.8831496e-18,-6.8272120e-01,-5.7012701e-01,-0.861123351415E-01,
2.8374603e-19,-6.6985525e-03,1.2792522e-01,-1.4264637e-17,6.6524065e-01,-5.8872330e-01,9.7613830e-18,-5.5892980e-01,-5.0495768e-01,-0.652850492778E-01,
-1.3228375e-18,5.9668752e-03,9.7272396e-02,1.7801127e-17,7.7970076e-01,-2.6629126e-01,3.1932633e-18,-8.7439936e-01,-3.4090728e-01,-0.672009220671E-01,
-4.7121502e-19,-9.4384337e-03,1.2036929e-01,-5.4327630e-18,7.5512141e-01,-5.4589558e-01,1.2911288e-17,-6.0532659e-01,-4.2786759e-01,-0.666989349338E-01,
2.2292900e-19,-2.6733167e-03,1.2397102e-01,-1.2168782e-17,6.2770367e-01,-5.3217751e-01,8.6307388e-18,-5.8527613e-01,-4.9874759e-01,-0.681681869940E-01,
-1.9488003e-19,4.8973825e-04,1.1610243e-01,-4.6228151e-18,6.4659297e-01,-4.4996035e-01,7.7157034e-18,-6.5436548e-01,-4.5608455e-01,-0.735867011183E-01,
-1.4030791e-18,-6.7805294e-03,1.0628393e-01,7.8548724e-18,8.0917776e-01,-4.1750446e-01,1.4413010e-17,-7.0156586e-01,-3.3271369e-01,-0.720814073657E-01,
2.5611045e-19,4.0637795e-03,1.1908963e-01,-3.4237208e-18,6.6789883e-01,-4.5131809e-01,-6.4093800e-19,-7.3239398e-01,-5.0213581e-01,-0.865500709955E-01,
1.8763566e-18,6.9146962e-03,1.3769245e-01,-1.3509381e-17,6.6791606e-01,-5.8111286e-01,-1.6269763e-17,-7.7765733e-01,-6.6758132e-01,-0.712667657011E-01,
3.2333053e-19,9.0978760e-03,1.1598808e-01,8.5845656e-18,7.9282564e-01,-3.9523047e-01,-1.3716057e-17,-9.3721551e-01,-5.0899971e-01,-0.714660960863E-01,
4.8904738e-19,1.7621616e-03,1.2390055e-01,-6.9728828e-18,6.7665231e-01,-5.0388539e-01,-7.8865468e-19,-7.0461905e-01,-5.2592129e-01,-0.899537595097E-01,
-8.9549281e-19,-1.0928102e-03,1.0833396e-01,1.4663482e-17,8.9588290e-01,-3.9820963e-01,-4.5136351e-19,-8.7853920e-01,-3.8454401e-01,-0.783891108966E-01,
1.9895904e-20,1.6680079e-03,1.1793774e-01,1.8115824e-18,7.6080841e-01,-4.5715711e-01,-2.1273448e-18,-7.8728092e-01,-4.7801560e-01,-0.935531088036E-01,
8.8716806e-19,9.9210935e-03,1.2259484e-01,-1.6394821e-18,6.8585932e-01,-4.4251031e-01,-1.2440518e-17,-8.4331429e-01,-5.6657392e-01,-0.770146873701E-01,
-1.3407522e-19,3.3384149e-03,1.1464030e-01,1.9065105e-18,7.1589434e-01,-4.2054641e-01,2.2136056e-19,-7.6887739e-01,-4.6229339e-01,-0.898769825919E-01,
1.0788890e-18,-2.1109520e-03,1.3454230e-01,-1.4690531e-17,6.8852276e-01,-6.1254835e-01,-2.4322189e-18,-6.5502042e-01,-5.8615083e-01,-0.818369773582E-01,
1.1152844e-19,-8.5172746e-03,1.2714216e-01,-1.0485683e-17,7.3350173e-01,-5.9388113e-01,8.7156464e-18,-5.9832633e-01,-4.8737234e-01,-0.726710013014E-01,
-2.6423457e-20,2.7961887e-03,1.1645278e-01,-5.8159408e-18,6.1233371e-01,-4.3831944e-01,6.2353015e-18,-6.5671128e-01,-4.7328585e-01,-0.656907211207E-01,
-4.4120191e-19,-1.0165555e-02,1.2132842e-01,-6.3373475e-18,7.5577790e-01,-5.5805290e-01,1.3339542e-17,-5.9444314e-01,-4.3093228e-01,-0.632061595602E-01,
8.2952190e-19,-1.6541759e-03,1.3097358e-01,-9.9231473e-18,7.2681409e-01,-5.8137316e-01,-3.2419675e-18,-7.0056117e-01,-5.6068760e-01,-0.873030113959E-01,
4.4968278e-19,-4.1859709e-03,1.2808073e-01,-1.4287528e-17,6.4649475e-01,-5.7424748e-01,7.1507382e-18,-5.8006036e-01,-5.2190173e-01,-0.719240141495E-01,
-1.2110211e-19,2.9431139e-03,1.1511870e-01,8.5417700e-19,7.0666337e-01,-4.2681435e-01,1.0678019e-18,-7.5337273e-01,-4.6361810e-01,-0.894768594794E-01,
-2.9957620e-19,-1.3069510e-03,1.1617088e-01,2.5144481e-18,7.7810007e-01,-4.6173733e-01,2.2400438e-18,-7.5735778e-01,-4.4539386e-01,-0.936959586259E-01,
-4.7864036e-19,2.9957469e-03,1.1047647e-01,6.7159592e-18,7.5522333e-01,-3.8964748e-01,8.8041072e-19,-8.0276799e-01,-4.2710939e-01,-0.891954649671E-01,
-1.0280366e-18,-1.1290066e-02,1.1466314e-01,5.9249876e-18,8.9783335e-01,-5.1219249e-01,1.0390698e-17,-7.1865183e-01,-3.7100980e-01,-0.699176093731E-01,
1.5087873e-18,6.4599081e-03,1.3332094e-01,-1.7780001e-17,5.5775446e-01,-5.4926693e-01,-6.1655474e-18,-6.6027790e-01,-6.3004833e-01,-0.670527230135E-01,
4.8559607e-19,-6.1822515e-03,1.3011578e-01,-4.8134827e-18,8.3755428e-01,-6.0287815e-01,-2.8932793e-18,-7.3943746e-01,-5.2556890e-01,-0.779780080987E-01,
-4.0169604e-19,-1.9098936e-03,1.1533189e-01,-1.5544684e-18,7.0798457e-01,-4.5884955e-01,7.9296768e-18,-6.7767322e-01,-4.3496627e-01,-0.842359018742E-01,
4.0366238e-19,2.5135146e-03,1.2220981e-01,-6.4375790e-18,6.6240454e-01,-4.8577094e-01,3.1164857e-20,-7.0229584e-01,-5.1720250e-01,-0.876530967372E-01,
1.0457474e-18,-8.7945367e-04,1.3314551e-01,-1.2304602e-17,7.0364821e-01,-5.9376431e-01,-4.2921682e-18,-6.8969065e-01,-5.8276671e-01,-0.849560486023E-01,
1.5080296e-19,-2.1902749e-03,1.2266231e-01,-6.9063948e-18,6.9663161e-01,-5.1877218e-01,4.5130424e-18,-6.6187036e-01,-4.9138272e-01,-0.876439631378E-01,
-7.0240714e-19,-1.2206017e-03,1.1091925e-01,7.2222463e-18,8.0140924e-01,-4.1952392e-01,3.9254634e-18,-7.8203738e-01,-4.0426028e-01,-0.911601486102E-01,
2.9995844e-20,2.0270892e-03,1.1778478e-01,-3.4889998e-18,6.6985333e-01,-4.5369810e-01,3.0129446e-18,-7.0202470e-01,-4.7904691e-01,-0.855175831485E-01,
-2.3084703e-19,-1.9896119e-03,1.1759316e-01,3.1087319e-18,8.0754668e-01,-4.7729206e-01,5.5497801e-19,-7.7597010e-01,-4.5241189e-01,-0.923733546073E-01,
-9.3564596e-21,2.6343786e-03,1.1679990e-01,4.2034866e-18,7.8074324e-01,-4.4208562e-01,-4.0549928e-18,-8.2255274e-01,-4.7502860e-01,-0.911550177839E-01,
6.0913813e-20,5.7669315e-03,1.1523589e-01,8.1770311e-18,8.0502689e-01,-4.1008830e-01,-9.1437786e-18,-8.9655226e-01,-4.8220399e-01,-0.808631806133E-01,
1.6727169e-20,-6.2797181e-03,1.2415923e-01,-8.1958048e-18,7.2310090e-01,-5.5622011e-01,7.9303336e-18,-6.2343723e-01,-4.7769204e-01,-0.797585394686E-01,
-7.5977961e-20,3.4121168e-03,1.1532982e-01,4.8226172e-18,7.6987737e-01,-4.2555714e-01,-3.6167922e-18,-8.2403010e-01,-4.6822581e-01,-0.907469379650E-01,
7.0028658e-20,-1.0632970e-03,1.2073493e-01,-1.4751899e-18,7.5697607e-01,-4.9643129e-01,3.6378434e-19,-7.4010074e-01,-4.8313472e-01,-0.940423224707E-01,
1.1051427e-18,3.5492554e-03,1.3042028e-01,-9.1188242e-18,6.9308639e-01,-5.4444808e-01,-8.4205919e-18,-7.4941564e-01,-5.8883166e-01,-0.863657359711E-01,
8.7150943e-19,-6.9914046e-03,1.3571922e-01,-1.8157703e-17,6.8248063e-01,-6.5240276e-01,4.3262191e-18,-5.7152194e-01,-5.6497502e-01,-0.686176522866E-01,
6.6523371e-20,-4.2400396e-05,1.1988542e-01,-1.9260051e-18,7.3295707e-01,-4.8330700e-01,8.7023123e-19,-7.3228413e-01,-4.8277679e-01,-0.938646039478E-01,
-1.7325149e-19,-6.8473639e-03,1.2216187e-01,-5.9518015e-18,7.4413705e-01,-5.4391956e-01,8.7014288e-18,-6.3546443e-01,-4.5829305e-01,-0.801359352113E-01,
1.9016494e-18,4.0813978e-03,1.4025036e-01,-1.9664656e-17,6.1563706e-01,-6.1912596e-01,-1.0515900e-17,-6.8041182e-01,-6.7016399e-01,-0.706064076475E-01,
1.3105849e-18,5.4347585e-03,1.3157825e-01,-1.7125727e-17,5.5902350e-01,-5.4184777e-01,-3.6742031e-18,-6.4527708e-01,-6.0980958e-01,-0.675256155328E-01,
-4.2023443e-19,-1.3165354e-03,1.1462581e-01,6.7171896e-18,8.3125156e-01,-4.4953662e-01,-4.7765338e-20,-8.1035715e-01,-4.3307331e-01,-0.901254837735E-01,
-3.3093121e-19,3.5808904e-03,1.1191612e-01,1.2344585e-17,8.5700136e-01,-3.9741302e-01,-7.0924674e-18,-9.1383266e-01,-4.4219217e-01,-0.771779535282E-01,
-1.3645522e-18,-8.7407315e-03,1.0832419e-01,4.2714792e-18,7.8675926e-01,-4.4595090e-01,1.7384954e-17,-6.4803743e-01,-3.3664772e-01,-0.579784203366E-01,
4.9706679e-19,-6.7631123e-03,1.3072106e-01,-9.2110681e-18,7.7644151e-01,-6.1131310e-01,1.3222571e-18,-6.6910601e-01,-5.2674019e-01,-0.811414872315E-01,
-4.9871577e-19,6.1608315e-03,1.0772427e-01,6.5292501e-18,6.9934028e-01,-3.4801805e-01,1.3857318e-18,-7.9711711e-01,-4.2505944e-01,-0.753851787572E-01,
3.3904737e-20,-3.4400434e-03,1.2214280e-01,3.8258224e-18,8.7658739e-01,-5.2246392e-01,-4.3639162e-18,-8.2199138e-01,-4.7944605e-01,-0.796148155863E-01,
5.2990715e-19,-8.4936753e-04,1.2648404e-01,-8.8665531e-18,6.9246835e-01,-5.4071492e-01,4.5654228e-19,-6.7898828e-01,-5.3009355e-01,-0.895838679274E-01,
3.6505688e-19,-3.8140758e-03,1.2669875e-01,-6.1443584e-18,7.6261359e-01,-5.6095564e-01,3.5064103e-19,-7.0208144e-01,-5.1326048e-01,-0.892578415168E-01,
-2.9663689e-19,4.4984194e-03,1.1163447e-01,1.1560062e-17,8.3407164e-01,-3.8944113e-01,-6.8522211e-18,-9.0546483e-01,-4.4569403e-01,-0.796040380265E-01,
1.1636837e-18,-2.7467983e-03,1.3613445e-01,-1.2042060e-17,7.5285578e-01,-6.2915814e-01,-6.4264435e-18,-7.0926213e-01,-5.9480929e-01,-0.782163258052E-01,
4.3876441e-19,5.3711906e-03,1.2040985e-01,5.6624649e-18,8.1920886e-01,-4.5361993e-01,-1.2625976e-17,-9.0445358e-01,-5.2078682e-01,-0.763937269843E-01,
5.9641780e-19,-3.2439965e-03,1.2922668e-01,-1.5485951e-17,6.3098925e-01,-5.7745135e-01,6.0203694e-18,-5.7950467e-01,-5.3688502e-01,-0.716626634858E-01,
-1.1566567e-19,-8.9781666e-03,1.2458181e-01,-4.9369266e-18,8.0199140e-01,-5.7644552e-01,6.7726248e-18,-6.5950137e-01,-4.6417323e-01,-0.789138124302E-01,
-9.0475072e-19,7.4528563e-03,1.0148144e-01,1.2370792e-17,7.2161472e-01,-2.9040045e-01,1.9882568e-18,-8.3989698e-01,-3.8359869e-01,-0.648542119524E-01,
-5.3538014e-19,-3.8668108e-03,1.1515357e-01,5.2423154e-18,8.3271748e-01,-4.6967021e-01,3.2545558e-18,-7.7134842e-01,-4.2131561e-01,-0.898102447167E-01,
-1.5979537e-19,-1.7579183e-03,1.1832489e-01,5.3658201e-18,8.4993851e-01,-4.8164994e-01,-2.8297526e-18,-8.2203907e-01,-4.5966709e-01,-0.864398365019E-01,
1.2360705e-18,4.4585536e-03,1.3138859e-01,-1.0236076e-17,6.7737651e-01,-5.4644650e-01,-9.3812596e-18,-7.4813700e-01,-6.0220087e-01,-0.843028258189E-01,
-3.7786533e-19,-6.8418719e-03,1.1952460e-01,-4.9162367e-18,7.3444515e-01,-5.2295750e-01,1.0913234e-17,-6.2585968e-01,-4.3739966e-01,-0.757526437461E-01,
1.3839208e-18,3.2477821e-03,1.3424511e-01,-1.7282152e-17,6.0068178e-01,-5.7668442e-01,-4.6816760e-18,-6.5222645e-01,-6.1729801e-01,-0.759978812810E-01,
2.6424057e-19,6.2999805e-04,1.2189983e-01,-1.6000497e-18,7.5323188e-01,-4.9508783e-01,-2.5936403e-18,-7.6323038e-01,-5.0296599e-01,-0.936751784120E-01,
-1.4317163e-18,1.6148223e-03,9.9300474e-02,1.2778325e-17,7.5263232e-01,-3.0959609e-01,9.9440510e-18,-7.7826071e-01,-3.2978952e-01,-0.707525555250E-01,
-8.2545687e-19,-4.5332927e-03,1.1194604e-01,1.1809669e-17,9.1295582e-01,-4.4838449e-01,1.2909283e-18,-8.4100914e-01,-3.9169550e-01,-0.780559485834E-01,
-1.4520858e-20,-3.4881402e-03,1.2155756e-01,-5.6755625e-18,7.1590567e-01,-5.1812059e-01,5.9060199e-18,-6.6054630e-01,-4.7450125e-01,-0.870598452617E-01,
-1.3945825e-18,-7.4547227e-04,1.0163805e-01,1.0428393e-17,7.5652695e-01,-3.4290344e-01,1.1704644e-17,-7.4469572e-01,-3.3358130e-01,-0.733034743598E-01,
-1.2179487e-18,-2.0149259e-03,1.0491120e-01,1.4431767e-17,8.6494488e-01,-3.7681434e-01,4.8979610e-18,-8.3296657e-01,-3.5161760e-01,-0.828736801768E-01,
-1.3886427e-18,-1.1161441e-02,1.0992155e-01,7.0598203e-18,8.6759269e-01,-4.7376204e-01,1.4978946e-17,-6.9045258e-01,-3.3418781e-01,-0.636824986940E-01,
-1.4139784e-18,-4.1795224e-03,1.0409426e-01,7.7460551e-18,7.6470828e-01,-3.8386583e-01,1.4694807e-17,-6.9837624e-01,-3.3160076e-01,-0.691096515685E-01,
1.2734394e-18,4.4735568e-03,1.3185762e-01,-1.0376545e-17,6.7968714e-01,-5.5007464e-01,-9.8338598e-18,-7.5068575e-01,-6.0601664e-01,-0.837401435633E-01,
1.7445420e-19,-5.0172131e-03,1.2519407e-01,-1.2517126e-17,6.5293205e-01,-5.5653816e-01,9.7484137e-18,-5.7330519e-01,-4.9379775e-01,-0.675816795479E-01,
6.0357317e-19,-7.0316219e-03,1.3230315e-01,-8.2868608e-18,8.0959904e-01,-6.2554634e-01,-1.2922844e-18,-6.9800210e-01,-5.3761572e-01,-0.774136275638E-01,
-3.1464878e-19,-8.7333145e-03,1.2182838e-01,-8.6644423e-18,7.1144336e-01,-5.5306518e-01,1.3658147e-17,-5.7283932e-01,-4.4385478e-01,-0.601976763175E-01,
1.8131643e-19,-3.2066405e-03,1.2385577e-01,-3.3121900e-18,7.7541423e-01,-5.3459764e-01,4.3456657e-19,-7.2452253e-01,-4.9449849e-01,-0.913908640663E-01,
1.1548544e-18,5.0848755e-03,1.2985002e-01,-2.8674092e-18,7.7725065e-01,-5.3032124e-01,-1.5460970e-17,-8.5795134e-01,-5.9390777e-01,-0.748037450318E-01,
-7.6128844e-19,3.5717364e-03,1.0638554e-01,5.6644108e-18,6.9227928e-01,-3.5358313e-01,6.4177900e-18,-7.4896532e-01,-3.9824781e-01,-0.726606519094E-01,
-3.9700487e-19,9.6688457e-03,1.0626900e-01,1.4179383e-17,7.8178287e-01,-3.1453604e-01,-7.8786290e-18,-9.3523449e-01,-4.3544531e-01,-0.677401361869E-01,
4.8977473e-19,1.4986988e-03,1.2411749e-01,-1.0049751e-17,6.3067883e-01,-5.0725430e-01,2.2766715e-18,-6.5446424e-01,-5.2599555e-01,-0.810875313122E-01,
-7.0819650e-20,-3.4963241e-04,1.1836019e-01,1.0897824e-18,7.6928574e-01,-4.7312468e-01,3.4176621e-20,-7.6373678e-01,-4.6875250e-01,-0.942383664467E-01,
1.1719859e-19,-1.2904427e-03,1.2152088e-01,-2.9367435e-18,7.4282497e-01,-5.0408834e-01,1.0767170e-18,-7.2234476e-01,-4.8795131e-01,-0.935678131983E-01,
-1.4970592e-18,-1.7230194e-03,1.0108963e-01,1.1303819e-17,7.7305770e-01,-3.4466368e-01,1.2455595e-17,-7.4571216e-01,-3.2311726e-01,-0.734353050909E-01,
-1.5920590e-18,-2.1366025e-03,1.0019306e-01,1.0689438e-17,7.5727654e-01,-3.4013498e-01,1.4577693e-17,-7.2336709e-01,-3.1341669e-01,-0.655851066790E-01,
9.8334973e-19,2.0558634e-03,1.3002975e-01,-9.4713512e-18,6.9524670e-01,-5.5068654e-01,-6.1351217e-18,-7.2787476e-01,-5.7639515e-01,-0.880813337124E-01,
-4.6472320e-19,5.3791590e-03,1.0877759e-01,1.3270845e-17,8.2624984e-01,-3.6126393e-01,-5.8953518e-18,-9.1162097e-01,-4.2853048e-01,-0.781164116731E-01,
4.1174983e-19,-1.8339906e-03,1.2573941e-01,-3.9023590e-18,7.7385396e-01,-5.4096246e-01,-2.6324097e-18,-7.4474722e-01,-5.1802832e-01,-0.907181591132E-01,
9.2024929e-20,7.8942673e-03,1.1396003e-01,9.2515420e-18,7.9284441e-01,-3.8666269e-01,-1.0712045e-17,-9.1813219e-01,-4.8538080e-01,-0.761430036506E-01,
-5.7518547e-19,3.4346874e-03,1.0888828e-01,5.6364550e-18,7.1811569e-01,-3.7430015e-01,3.4921560e-18,-7.7262664e-01,-4.1725105e-01,-0.833834249969E-01,
2.5871904e-19,-4.3300334e-03,1.2573694e-01,-1.4233408e-18,8.3412147e-01,-5.5654937e-01,-2.6827188e-18,-7.6540071e-01,-5.0240219e-01,-0.842142947243E-01,
-7.1891771e-19,6.7389002e-03,1.0443527e-01,1.1477535e-17,7.4244064e-01,-3.1830415e-01,-6.7790346e-20,-8.4939182e-01,-4.0257436e-01,-0.748651875698E-01,
-1.6940631e-19,3.2710126e-03,1.1423877e-01,6.2025944e-18,7.8254575e-01,-4.1778156e-01,-3.5139939e-18,-8.3445907e-01,-4.5868570e-01,-0.899180825771E-01,
-2.7207526e-19,-6.9959364e-03,1.2100729e-01,4.7802441e-18,9.0895563e-01,-5.3568649e-01,-4.6221364e-19,-7.9792506e-01,-4.4820204e-01,-0.753727137665E-01,
-9.0989268e-19,-4.2097983e-03,1.1060464e-01,1.2580827e-17,9.0947330e-01,-4.3571731e-01,1.8598279e-18,-8.4266073e-01,-3.8307363e-01,-0.786829729445E-01,
7.0646472e-19,5.9466376e-03,1.2340117e-01,-6.1159935e-18,6.5241170e-01,-4.7375917e-01,-5.0961133e-18,-7.4678916e-01,-5.4812205e-01,-0.845250237631E-01,
3.4711373e-19,-4.2210924e-03,1.2678856e-01,-1.0639681e-17,6.9333369e-01,-5.6421316e-01,5.1307346e-18,-6.2634194e-01,-5.1142830e-01,-0.825353333369E-01,
-1.4615387e-19,-2.2830907e-03,1.1891422e-01,-8.4288288e-19,7.5864542e-01,-4.8961017e-01,3.1624513e-18,-7.2241110e-01,-4.6106005e-01,-0.930712526390E-01,
-4.8555941e-20,-3.5887097e-03,1.2119885e-01,-3.8447165e-18,7.4299097e-01,-5.1590282e-01,4.6153345e-18,-6.8603557e-01,-4.7102588e-01,-0.902089499511E-01,
9.1583101e-19,-7.0094480e-03,1.3630378e-01,-1.1012460e-17,8.0520153e-01,-6.5715414e-01,-3.5224444e-18,-6.9395649e-01,-5.6950074e-01,-0.715023826586E-01,
9.2623146e-19,2.8609280e-03,1.2866043e-01,-6.2019649e-18,7.2846067e-01,-5.3478676e-01,-8.4980003e-18,-7.7386570e-01,-5.7056278e-01,-0.876750128881E-01,
-8.2700799e-19,-8.5786814e-03,1.1511356e-01,4.4681236e-18,8.5706151e-01,-4.9881381e-01,8.6570928e-18,-7.2091156e-01,-3.9153710e-01,-0.798774295002E-01,
1.9356547e-19,-5.6191436e-03,1.2591428e-01,-9.5874154e-18,7.1280760e-01,-5.6601685e-01,6.5153919e-18,-6.2362772e-01,-4.9574924e-01,-0.810842294027E-01,
-8.9804166e-19,4.1362271e-03,1.0418104e-01,1.2023381e-17,7.6944780e-01,-3.3256006e-01,2.2291930e-18,-8.3509272e-01,-3.8428372e-01,-0.811732043546E-01,
3.9411354e-19,5.1401234e-03,1.2001735e-01,-6.3465461e-18,6.2096751e-01,-4.5195004e-01,9.1679322e-20,-7.0254505e-01,-5.1622748e-01,-0.764734352648E-01,
-1.7462867e-19,2.0533048e-03,1.1513104e-01,6.5228022e-18,8.0642426e-01,-4.3247581e-01,-3.7513187e-18,-8.3901167e-01,-4.5815244e-01,-0.894498215525E-01,
-1.0641808e-20,3.1670181e-03,1.1636367e-01,4.7850616e-18,7.8162110e-01,-4.3529367e-01,-4.6161687e-18,-8.3188397e-01,-4.7489735e-01,-0.902163089349E-01,
-1.5097153e-19,4.3244483e-03,1.1364595e-01,3.3351517e-18,7.2138709e-01,-4.0649071e-01,-9.3912441e-19,-7.9001921e-01,-4.6056810e-01,-0.885702881608E-01,
1.0865621e-18,-6.7809294e-03,1.3832067e-01,-1.4174337e-17,7.7206314e-01,-6.7173010e-01,-3.0701904e-18,-6.6444486e-01,-5.8693433e-01,-0.706044130241E-01,
-9.0252612e-19,-8.1071556e-03,1.1377028e-01,3.7603465e-18,8.2823241e-01,-4.8520610e-01,1.0563398e-17,-6.9956601e-01,-3.8382584e-01,-0.793954069790E-01,
3.8465069e-19,-4.1159624e-03,1.2718874e-01,-3.5664591e-18,8.1204426e-01,-5.6673145e-01,-2.5382269e-18,-7.4672097e-01,-5.1526123e-01,-0.855176471009E-01,
-3.0140830e-19,9.3419303e-04,1.1438143e-01,6.2974567e-18,8.0407530e-01,-4.3352467e-01,-1.5138891e-18,-8.1890160e-01,-4.4520679e-01,-0.913046692343E-01,
-1.3781532e-18,-4.9187620e-03,1.0513773e-01,1.0252852e-17,8.2202244e-01,-3.9676821e-01,1.1619437e-17,-7.4395812e-01,-3.3525890e-01,-0.795875205791E-01,
-6.0240607e-19,-4.2287838e-03,1.1457630e-01,1.2069555e-18,7.6387370e-01,-4.6735260e-01,8.3536656e-18,-6.9675982e-01,-4.1447151e-01,-0.869171620164E-01,
9.8401964e-19,-3.9475188e-03,1.3476864e-01,-1.3247373e-17,7.2894442e-01,-6.2582743e-01,-2.3697333e-18,-6.6629446e-01,-5.7646358e-01,-0.806954445501E-01,
1.9962525e-19,-7.4987691e-03,1.2747326e-01,-4.7402400e-18,8.2258433e-01,-5.9014040e-01,1.5720423e-18,-7.0357341e-01,-4.9636802e-01,-0.812615082143E-01,
3.1022950e-20,1.4906648e-03,1.1822066e-01,1.6534115e-18,7.6248187e-01,-4.6051100e-01,-2.1457683e-18,-7.8613979e-01,-4.7915182e-01,-0.936250810947E-01,
3.3968606e-19,6.7502265e-03,1.1804833e-01,3.7172955e-18,7.5271553e-01,-4.2625800e-01,-9.1083603e-18,-8.5984653e-01,-5.1066983e-01,-0.843740107842E-01,
-1.3628953e-19,-4.9617658e-03,1.2115178e-01,-7.4471319e-18,6.9458067e-01,-5.2411437e-01,9.6101463e-18,-6.1583388e-01,-4.6206731e-01,-0.764298757318E-01,
-4.5203818e-19,2.9258253e-03,1.1087388e-01,1.3137507e-17,8.6465240e-01,-3.9323825e-01,-5.9633353e-18,-9.1108733e-01,-4.2982578e-01,-0.772938247041E-01,
-9.6161390e-19,4.8146341e-03,1.0282847e-01,8.2794278e-18,6.8929905e-01,-3.1758514e-01,6.9820810e-18,-7.6571077e-01,-3.7779230e-01,-0.628261257703E-01,
5.0339679e-19,6.9228150e-03,1.2001895e-01,5.2583847e-18,7.9636031e-01,-4.4081649e-01,-1.3247657e-17,-9.0623045e-01,-5.2738655e-01,-0.766593808108E-01,
-1.6925270e-19,-8.1238849e-03,1.2321914e-01,-7.0351149e-18,7.4722272e-01,-5.6029087e-01,9.7212780e-18,-6.1829078e-01,-4.5870137e-01,-0.753684553109E-01,
-8.0655274e-19,-5.0180866e-03,1.1257128e-01,9.5900682e-18,8.8685083e-01,-4.5637715e-01,3.2105101e-18,-8.0721015e-01,-3.9362580e-01,-0.828787227863E-01,
-6.4730088e-19,3.8217213e-03,1.0765535e-01,1.6636981e-17,8.8227963e-01,-3.6209649e-01,-6.3638479e-18,-9.4293314e-01,-4.0988725e-01,-0.704226857158E-01,
7.1816689e-19,8.2131950e-03,1.2176586e-01,-8.4771512e-18,5.7939571e-01,-4.4661072e-01,-2.9206780e-18,-7.0974505e-01,-5.4931700e-01,-0.631949003495E-01,
1.6665510e-18,6.7814742e-03,1.3509765e-01,-1.1779575e-17,6.7109066e-01,-5.6135523e-01,-1.4669797e-17,-7.7871758e-01,-6.4615780e-01,-0.756235418022E-01,
-1.1679129e-19,-1.3763035e-03,1.1857758e-01,4.5071905e-18,8.3543259e-01,-4.8126900e-01,-2.6536285e-18,-8.1358963e-01,-4.6405828e-01,-0.884338568913E-01,
-6.1798085e-19,5.0532012e-03,1.0706232e-01,5.3437526e-18,6.8210244e-01,-3.4969068e-01,4.4640522e-18,-7.6230043e-01,-4.1288114e-01,-0.710113403941E-01,
-1.7329608e-18,-4.8421337e-03,1.0051173e-01,1.4886247e-17,8.5049433e-01,-3.5958007e-01,1.2617098e-17,-7.7364612e-01,-2.9902902e-01,-0.746640119460E-01,
1.7012217e-18,6.2687104e-03,1.3594782e-01,-1.1937573e-17,6.8114138e-01,-5.7130760e-01,-1.5062049e-17,-7.8063041e-01,-6.4969808e-01,-0.747772331882E-01,
-5.7328859e-19,-9.5547113e-04,1.1237183e-01,1.3257633e-17,9.1249979e-01,-4.2939293e-01,-4.1591282e-18,-8.9733577e-01,-4.1744474e-01,-0.734801352437E-01,
-3.2921796e-19,3.4098914e-03,1.1207290e-01,6.2882254e-18,7.6102942e-01,-3.9972630e-01,-1.0632975e-18,-8.1514686e-01,-4.4236711e-01,-0.899429840923E-01,
6.4680845e-19,1.5326744e-03,1.2611142e-01,-6.2597646e-18,7.1238542e-01,-5.2286434e-01,-4.0055547e-18,-7.3671007e-01,-5.4203051e-01,-0.916361341866E-01,
-1.7785469e-18,-5.9505934e-03,1.0079852e-01,1.5095671e-17,8.6559880e-01,-3.6878654e-01,1.3131158e-17,-7.7115858e-01,-2.9437417e-01,-0.728520565527E-01,
8.7050358e-19,-3.4680442e-04,1.3047080e-01,-6.3040932e-18,7.7047980e-01,-5.6920910e-01,-7.5114311e-18,-7.6497579e-01,-5.6487232e-01,-0.848089699293E-01,
-3.5249387e-19,7.9765767e-03,1.0817516e-01,9.6937089e-18,7.4115211e-01,-3.4024301e-01,-4.0993752e-18,-8.6774617e-01,-4.3999037e-01,-0.764641072396E-01,
-1.2755761e-18,-6.3573755e-03,1.0759120e-01,8.6485828e-18,8.3194798e-01,-4.2523241e-01,1.1595735e-17,-7.3105180e-01,-3.4573323e-01,-0.793245487612E-01,
-6.7732314e-20,2.8565312e-03,1.1587368e-01,6.1261538e-18,8.0105186e-01,-4.3334675e-01,-5.0511933e-18,-8.4638709e-01,-4.6906778e-01,-0.885946794784E-01,
9.7998905e-20,5.2476507e-03,1.1612225e-01,6.2130442e-18,7.8599989e-01,-4.2036876e-01,-7.7683584e-18,-8.6928391e-01,-4.8599082e-01,-0.850855682610E-01,
-6.0168384e-19,5.9846193e-03,1.0653813e-01,1.6636217e-17,8.5385215e-01,-3.3970737e-01,-7.0870585e-18,-9.4883239e-01,-4.1454524e-01,-0.701661105155E-01,
-4.5356929e-19,-7.1930806e-03,1.1882717e-01,2.1760969e-18,8.4603488e-01,-5.1961917e-01,5.0223768e-18,-7.3187548e-01,-4.2966944e-01,-0.844955860425E-01,
-9.2209979e-19,-6.8500298e-03,1.1252788e-01,8.3281404e-18,8.8034201e-01,-4.6748701e-01,6.3062521e-18,-7.7162707e-01,-3.8182715e-01,-0.819484268913E-01,
1.2396757e-18,2.8083525e-03,1.3273522e-01,-1.1526795e-17,6.8295461e-01,-5.6745040e-01,-8.1477580e-18,-7.2752517e-01,-6.0256898e-01,-0.844838091888E-01,
3.8965653e-19,-8.8884700e-03,1.3101356e-01,-6.7791744e-18,8.3596855e-01,-6.2692302e-01,5.9504230e-19,-6.9490206e-01,-5.1577234e-01,-0.743771646537E-01,
1.7147553e-18,7.3005473e-03,1.3530895e-01,-1.5162982e-17,6.1384439e-01,-5.5978644e-01,-1.2051432e-17,-7.2970939e-01,-6.5108001e-01,-0.736529008393E-01,
9.1401245e-19,-1.8477419e-03,1.3221331e-01,-1.0317448e-17,7.3439622e-01,-5.9242117e-01,-4.1885928e-18,-7.0507121e-01,-5.6931508e-01,-0.855638115564E-01,
-2.7186090e-19,1.2153109e-03,1.1454014e-01,8.3948815e-18,8.3769643e-01,-4.3302643e-01,-4.0802532e-18,-8.5698432e-01,-4.4822392e-01,-0.861178369003E-01,
-1.1816670e-18,-9.5931441e-03,1.1134918e-01,1.1395105e-17,9.4032615e-01,-4.7528499e-01,7.3588064e-18,-7.8807598e-01,-3.5532239e-01,-0.702135799197E-01,
-1.0490546e-18,-6.3827210e-03,1.1052603e-01,3.5615589e-18,7.7862871e-01,-4.4867975e-01,1.3087700e-17,-6.7733026e-01,-3.6886361e-01,-0.753569624386E-01,
2.3778899e-19,8.6575923e-03,1.1523426e-01,8.6527766e-18,7.8984153e-01,-3.9200148e-01,-1.2426662e-17,-9.2724377e-01,-5.0026494e-01,-0.737755225883E-01,
4.7983088e-19,-8.6981608e-03,1.3202396e-01,-1.5307747e-17,7.0535213e-01,-6.3375103e-01,7.6924827e-18,-5.6730598e-01,-5.2498019e-01,-0.668821448822E-01,
5.6280159e-19,5.4472862e-03,1.2194598e-01,-7.4550389e-18,6.1985058e-01,-4.6533394e-01,-1.4770294e-18,-7.0630294e-01,-5.3345245e-01,-0.781407240370E-01,
1.7556448e-19,-3.6996726e-03,1.2417023e-01,-2.2486053e-18,7.9986328e-01,-5.4017568e-01,-5.3773026e-19,-7.4114674e-01,-4.9391115e-01,-0.896054043839E-01,
-6.9654388e-19,-1.8633215e-03,1.1150112e-01,5.9929095e-18,7.9229289e-01,-4.2815986e-01,5.0617473e-18,-7.6272064e-01,-4.0485895e-01,-0.911229674434E-01,
-1.4771793e-18,-9.1271978e-03,1.0717943e-01,7.5258422e-18,8.3144468e-01,-4.3928316e-01,1.5918065e-17,-6.8658942e-01,-3.2514721e-01,-0.651286137904E-01,
2.7476877e-19,1.3609297e-03,1.2145938e-01,-4.7912489e-18,6.9087958e-01,-4.8702255e-01,4.3047037e-19,-7.1247852e-01,-5.0404102e-01,-0.911459526956E-01,
8.3224730e-19,7.3517459e-03,1.2391260e-01,1.7100529e-18,7.7422136e-01,-4.6903205e-01,-1.4918421e-17,-8.9089894e-01,-5.6096590e-01,-0.762825563335E-01,
-2.5752319e-19,2.8406994e-03,1.1344395e-01,4.9837433e-18,7.5805032e-01,-4.1416490e-01,-8.9666409e-19,-8.0313432e-01,-4.4968796e-01,-0.914242766814E-01,
-5.5673401e-19,-4.3334709e-03,1.1524649e-01,1.0149915e-17,9.1750360e-01,-4.7332534e-01,-1.3141418e-18,-8.4872824e-01,-4.1913515e-01,-0.759119685904E-01,
-2.1770194e-19,-8.5718132e-04,1.1687004e-01,5.0954710e-18,8.2372361e-01,-4.6447325e-01,-1.6403835e-18,-8.1011951e-01,-4.5375416e-01,-0.904025952032E-01,
-1.7358318e-19,8.7635275e-03,1.0985730e-01,1.3155592e-17,8.0838531e-01,-3.4867096e-01,-1.0400703e-17,-9.4746888e-01,-4.5825920e-01,-0.699324445563E-01,
1.3885431e-18,-1.0542920e-03,1.3769433e-01,-1.5482857e-17,6.9894254e-01,-6.3095397e-01,-6.5543290e-18,-6.8221015e-01,-6.1777002e-01,-0.780475025190E-01,
-4.3097134e-19,-3.6504550e-03,1.1632662e-01,-4.4597439e-18,6.8436790e-01,-4.7762600e-01,1.1299573e-17,-6.2643254e-01,-4.3197694e-01,-0.720789853949E-01,
5.7105530e-19,4.9246289e-03,1.2246401e-01,-2.0013292e-18,7.1828103e-01,-4.7271258e-01,-7.0617335e-18,-7.9643846e-01,-5.3429526e-01,-0.894981594743E-01,
-5.0391491e-19,-5.1924149e-03,1.1660294e-01,7.8082806e-18,8.9973891e-01,-4.8945990e-01,1.8921384e-19,-8.1733149e-01,-4.2452857e-01,-0.797908505892E-01,
1.2123293e-19,-5.7319361e-03,1.2507239e-01,-6.5102224e-18,7.5547820e-01,-5.6004131e-01,4.5861681e-18,-6.6450822e-01,-4.8836327e-01,-0.860870144648E-01,
-1.7217159e-18,-5.4041604e-03,1.0109926e-01,1.4134037e-17,8.4858680e-01,-3.6775649e-01,1.3190844e-17,-7.6281887e-01,-3.0017725e-01,-0.738953708072E-01,
-5.7751825e-20,4.7519114e-03,1.1450868e-01,6.9331545e-18,7.8544354e-01,-4.1066408e-01,-6.0165917e-18,-8.6085981e-01,-4.7008690e-01,-0.865334999592E-01,
-1.5823371e-18,-5.3578969e-03,1.0285632e-01,1.1242344e-17,8.1869036e-01,-3.8141012e-01,1.3870494e-17,-7.3365664e-01,-3.1440940e-01,-0.736251545652E-01,
-4.5017640e-19,1.8656170e-03,1.1173321e-01,3.0167672e-18,7.1643567e-01,-4.0668628e-01,4.1278604e-18,-7.4604434e-01,-4.3001586e-01,-0.871790423046E-01,
-1.1725314e-19,9.8692649e-04,1.1670958e-01,1.5890614e-18,7.5020987e-01,-4.5166957e-01,2.7183094e-19,-7.6587313e-01,-4.6401113e-01,-0.939121184903E-01,
2.3004689e-19,-4.7567151e-03,1.2570418e-01,-3.5922489e-18,8.0175650e-01,-5.5895734e-01,-5.8762497e-20,-7.2626400e-01,-4.9947441e-01,-0.875634524839E-01,
8.4083830e-19,5.1819631e-03,1.2573278e-01,-2.5639584e-18,7.3997080e-01,-4.9704251e-01,-1.0780754e-17,-8.2221234e-01,-5.6184316e-01,-0.854683973446E-01,
-1.1801944e-18,-6.6826940e-03,1.0907489e-01,2.8226405e-18,7.5432706e-01,-4.3904006e-01,1.5907901e-17,-6.4826787e-01,-3.5547274e-01,-0.634236371654E-01,
-1.1693885e-18,-6.8378760e-03,1.0933621e-01,6.1157168e-18,8.1197029e-01,-4.4208404e-01,1.2443328e-17,-7.0344824e-01,-3.5657614e-01,-0.775290455508E-01,
-4.9998942e-19,6.3048699e-03,1.0759439e-01,1.4267823e-17,8.2326972e-01,-3.4608680e-01,-6.3326292e-18,-9.2333257e-01,-4.2492941e-01,-0.753472813718E-01,
-4.3161247e-20,5.6352601e-03,1.1400041e-01,4.2445185e-18,7.2940624e-01,-4.0110761e-01,-3.5595182e-18,-8.1884193e-01,-4.7157675e-01,-0.870369310580E-01,
1.6626373e-18,1.3279691e-03,1.3934427e-01,-1.6610483e-17,6.7823982e-01,-6.2915182e-01,-9.7767752e-18,-6.9931567e-01,-6.4575815e-01,-0.749789141285E-01,
-3.9138252e-19,1.9916226e-03,1.1239047e-01,3.4309109e-18,7.2881871e-01,-4.1111410e-01,2.7806144e-18,-7.6042718e-01,-4.3601939e-01,-0.896552338414E-01,
7.4473226e-19,5.1144231e-04,1.2817615e-01,-6.0329483e-18,7.4498773e-01,-5.4563403e-01,-5.7864936e-18,-7.5310469e-01,-5.5202961e-01,-0.894807943334E-01,
-2.8759700e-19,1.5735069e-03,1.1405542e-01,7.6033276e-18,8.1704527e-01,-4.2694032e-01,-3.0389553e-18,-8.4201795e-01,-4.4661710e-01,-0.888977082932E-01,
-5.2126848e-20,-3.4583251e-03,1.2105016e-01,-9.8575372e-19,7.8714931e-01,-5.1390773e-01,1.8130445e-18,-7.3226321e-01,-4.7066125e-01,-0.919457841931E-01,
4.9828481e-19,-4.5604953e-03,1.2900123e-01,-1.4206885e-17,6.6005433e-01,-5.8389372e-01,6.2987450e-18,-5.8767593e-01,-5.2686453e-01,-0.745186633164E-01,
-1.7087770e-19,-6.7040988e-04,1.1732540e-01,4.5278303e-18,8.1755733e-01,-4.6691895e-01,-1.8158782e-18,-8.0691743e-01,-4.5853546e-01,-0.909177017062E-01,
-3.4874741e-19,-2.8161036e-03,1.1672726e-01,6.4462036e-18,8.5988957e-01,-4.7558841e-01,-9.1132970e-19,-8.1519592e-01,-4.4037294e-01,-0.862538065775E-01,
-1.1521359e-19,-3.6201526e-03,1.2036587e-01,-8.9802756e-18,6.5098149e-01,-5.0948954e-01,1.0808800e-17,-5.9352708e-01,-4.6421939e-01,-0.670234611494E-01,
-1.2734721e-18,-7.4356627e-03,1.0846789e-01,8.1002944e-18,8.4037960e-01,-4.3893126e-01,1.2110632e-17,-7.2237021e-01,-3.4594804e-01,-0.771896093840E-01,
-9.6229643e-19,1.5158970e-03,1.0541885e-01,1.7062632e-17,8.8500452e-01,-3.5876626e-01,-1.7902902e-18,-9.0906292e-01,-3.7772262e-01,-0.753415122011E-01,
-7.9651754e-19,2.7000043e-03,1.0661909e-01,1.5144759e-17,8.5637462e-01,-3.6088687e-01,-2.5034470e-18,-8.9922565e-01,-3.9465052e-01,-0.790229886142E-01,
-1.7127116e-18,-4.0511922e-03,1.0014908e-01,1.3003857e-17,8.0982387e-01,-3.5175699e-01,1.4178121e-17,-7.4552852e-01,-3.0109668e-01,-0.714800220760E-01,
2.9605970e-19,-1.3083373e-03,1.2383655e-01,-4.0567117e-18,7.4799788e-01,-5.2257586e-01,-6.4197074e-19,-7.2723365e-01,-5.0621510e-01,-0.930101473454E-01,
9.5587213e-19,6.8674963e-03,1.2588495e-01,-1.1937389e-17,5.7504821e-01,-4.8771113e-01,-3.2329949e-18,-6.8404037e-01,-5.7358944e-01,-0.684101989717E-01,
-1.8250665e-19,-8.2517657e-03,1.2314935e-01,-7.8747222e-18,7.3382282e-01,-5.6053662e-01,1.0771236e-17,-6.0286129e-01,-4.5734802e-01,-0.716796326605E-01,
-3.2704607e-19,-5.9013944e-03,1.1943750e-01,-7.4493983e-18,6.8473530e-01,-5.1638603e-01,1.2639858e-17,-5.9107590e-01,-4.4258890e-01,-0.654360302129E-01,
7.6379128e-19,-4.5254282e-03,1.3239011e-01,-1.0591115e-17,7.5295591e-01,-6.1056638e-01,-1.5308073e-18,-6.8113410e-01,-5.5397576e-01,-0.830044515776E-01,
6.5523091e-19,-3.6681483e-03,1.3031769e-01,-1.0094382e-17,7.3339373e-01,-5.8876085e-01,-3.0460823e-19,-6.7517757e-01,-5.4289055e-01,-0.862557182738E-01,
-1.5269622e-18,-6.3994327e-03,1.0438953e-01,1.1595168e-17,8.4815860e-01,-4.0008897e-01,1.2638828e-17,-7.4659497e-01,-3.2006383e-01,-0.759163895115E-01,
-5.3856838e-20,-7.4669588e-03,1.2418643e-01,-7.7833014e-18,7.3953265e-01,-5.6385922e-01,8.6380503e-18,-6.2102664e-01,-4.7048461e-01,-0.776334574688E-01,
1.3088474e-18,6.9253100e-03,1.3038144e-01,-8.3694300e-18,6.7814344e-01,-5.2303094e-01,-1.2402926e-17,-7.8805310e-01,-6.0963219e-01,-0.810082224265E-01,
-1.1913250e-18,-8.4804688e-03,1.1034819e-01,4.2454491e-18,8.0465281e-01,-4.6038476e-01,1.4661743e-17,-6.7006165e-01,-3.5433620e-01,-0.692186518140E-01,
1.0833500e-18,-4.1168882e-03,1.3618025e-01,-1.3129217e-17,7.4643469e-01,-6.3808817e-01,-4.0643321e-18,-6.8109667e-01,-5.8660638e-01,-0.780316891897E-01,
8.6319823e-19,-3.1593577e-03,1.3259290e-01,-1.0353996e-17,7.4803042e-01,-6.0363424e-01,-3.3455855e-18,-6.9788909e-01,-5.6412637e-01,-0.840350758145E-01,
-1.0130222e-18,4.5545287e-03,1.0237189e-01,1.8391760e-17,8.5191178e-01,-3.1558838e-01,-2.3143631e-18,-9.2419547e-01,-3.7254292e-01,-0.727570733823E-01,
-1.8880396e-19,8.3726458e-03,1.0996943e-01,6.8171548e-18,7.0910180e-01,-3.5200474e-01,-3.8206993e-18,-8.4198177e-01,-4.5670497e-01,-0.753280679880E-01,
7.2658449e-19,-6.2630591e-03,1.3328047e-01,-1.6835169e-17,6.7373848e-01,-6.2849629e-01,5.3037460e-18,-5.7433915e-01,-5.5017650e-01,-0.708904480359E-01,
-1.1369727e-20,9.7280145e-03,1.1118469e-01,1.1185032e-17,7.8191847e-01,-3.5317385e-01,-1.1004588e-17,-9.3630910e-01,-4.7482303e-01,-0.704331919625E-01,
-8.5546202e-19,-2.4395774e-03,1.0991023e-01,1.4270611e-17,9.1602874e-01,-4.1913861e-01,-6.9380973e-19,-8.7731087e-01,-3.8863161e-01,-0.755764597746E-01,
-1.5210911e-18,-6.5422226e-03,1.0457759e-01,1.5593392e-17,9.1648161e-01,-4.0247405e-01,8.5474285e-18,-8.1265175e-01,-3.2066333e-01,-0.742649037252E-01,
1.6083015e-19,-7.1520573e-03,1.2670088e-01,-8.6416692e-18,7.4833894e-01,-5.8184332e-01,6.0891792e-18,-6.3483059e-01,-4.9240661e-01,-0.807350530614E-01,
-1.0868114e-19,-4.2320262e-03,1.2093205e-01,-4.7262371e-18,7.3101270e-01,-5.1780808e-01,6.4510865e-18,-6.6384733e-01,-4.6488643e-01,-0.869603269042E-01,
-3.8928283e-19,3.8213572e-03,1.1097579e-01,5.8826575e-18,7.4009168e-01,-3.8844761e-01,2.9554274e-19,-8.0073935e-01,-4.3623382e-01,-0.880720105376E-01,
-1.2593757e-18,-1.7755973e-03,1.0418954e-01,8.2938844e-18,7.5553864e-01,-3.6959136e-01,1.1693321e-17,-7.2735858e-01,-3.4738743e-01,-0.760960868787E-01,
1.4720511e-19,2.2430092e-03,1.1912289e-01,6.8393357e-18,8.5029072e-01,-4.6296641e-01,-9.1755886e-18,-8.8588893e-01,-4.9101532e-01,-0.787339776268E-01,
-7.0094468e-19,-9.0455338e-03,1.1710358e-01,5.5679822e-18,8.9876992e-01,-5.1752430e-01,5.5565179e-18,-7.5521076e-01,-4.0440959e-01,-0.768802889178E-01,
8.7917781e-19,-7.2515975e-03,1.3602293e-01,-1.2434507e-17,7.8107077e-01,-6.5643954e-01,-1.5186813e-18,-6.6598260e-01,-5.6575805e-01,-0.734394425863E-01,
5.5633531e-19,1.3915696e-03,1.2505840e-01,-3.6143740e-18,7.4610257e-01,-5.1539052e-01,-5.2150718e-18,-7.6818782e-01,-5.3279215e-01,-0.916278498182E-01,
3.6978274e-19,1.9692681e-03,1.2220268e-01,-5.6586735e-18,6.7937195e-01,-4.8911726e-01,-2.1004639e-19,-7.1062571e-01,-5.1374304e-01,-0.900793986140E-01,
-1.6273077e-18,1.9991624e-03,9.6480787e-02,1.6939044e-17,7.8913474e-01,-2.8481781e-01,8.8875097e-18,-8.2086289e-01,-3.0981740e-01,-0.709992792128E-01,
-9.9793251e-19,-6.4041084e-03,1.1120071e-01,2.4719875e-18,7.6779920e-01,-4.5416737e-01,1.3365927e-17,-6.6616136e-01,-3.7408376e-01,-0.738383307968E-01,
1.1782699e-19,8.8483219e-05,1.2044246e-01,-2.3730519e-18,7.3022765e-01,-4.8690900e-01,5.0305196e-19,-7.3163193e-01,-4.8801547e-01,-0.938293257068E-01,
-2.9429339e-19,-3.5594176e-03,1.1801364e-01,8.4299705e-18,9.1114080e-01,-4.9044394e-01,-3.7593208e-18,-8.5465026e-01,-4.4593331e-01,-0.749677357413E-01,
4.2044681e-19,4.5743985e-03,1.2080196e-01,-9.6127048e-18,5.8001822e-01,-4.6171340e-01,2.9399107e-18,-6.5261722e-01,-5.1891643e-01,-0.632031904982E-01,
6.1899218e-19,-7.5903339e-03,1.3294178e-01,-9.5534174e-18,7.9977995e-01,-6.3410753e-01,-2.7043760e-19,-6.7931581e-01,-5.3919017e-01,-0.764627416563E-01,
5.3885068e-19,-4.4517731e-04,1.2628064e-01,-5.7269742e-18,7.3848581e-01,-5.3657377e-01,-2.8249767e-18,-7.3142052e-01,-5.3100681e-01,-0.918276150582E-01,
1.1975487e-18,5.1096757e-03,1.3037986e-01,-9.8879706e-18,6.6773552e-01,-5.3437066e-01,-9.1179937e-18,-7.4882978e-01,-5.9826732e-01,-0.843130775641E-01,
-1.1805620e-18,-7.0512355e-03,1.0936055e-01,1.2479855e-17,9.1784275e-01,-4.4361117e-01,6.2565191e-18,-8.0593455e-01,-3.5543522e-01,-0.762719104653E-01,
-9.9948363e-20,1.4198477e-03,1.1659113e-01,4.7942350e-18,7.9792619e-01,-4.4802290e-01,-3.2079826e-18,-8.2046020e-01,-4.6577814e-01,-0.912108759341E-01,
1.0295494e-18,7.3914262e-03,1.2642020e-01,-1.1596267e-17,5.8185214e-01,-4.8868266e-01,-4.7434279e-18,-6.9915944e-01,-5.8111268e-01,-0.702661342048E-01,
8.6252040e-19,4.4889213e-03,1.2655786e-01,-6.7964187e-18,6.8465847e-01,-5.0792301e-01,-6.8924068e-18,-7.5590092e-01,-5.6405711e-01,-0.883135037010E-01,
1.2063937e-18,1.2918733e-03,1.3350183e-01,-1.1486383e-17,7.0336902e-01,-5.8301556e-01,-7.6599613e-18,-7.2387201e-01,-5.9917051e-01,-0.842032876728E-01,
4.6677843e-19,-8.0202520e-03,1.3132186e-01,-8.8214064e-18,7.9883164e-01,-6.2394094e-01,1.4132939e-18,-6.7154443e-01,-5.2364737e-01,-0.776598012767E-01,
-2.4238323e-19,-2.8896029e-03,1.1815385e-01,-5.3627583e-18,6.8198526e-01,-4.8736852e-01,9.2095560e-18,-6.3612515e-01,-4.5123392e-01,-0.777744126198E-01,
-1.4948129e-18,-8.2216337e-03,1.0623900e-01,7.0974115e-18,8.0779070e-01,-4.2615843e-01,1.6626355e-17,-6.7730737e-01,-3.2334661e-01,-0.632376017827E-01,
6.1815274e-19,-6.4358902e-03,1.3202135e-01,-1.4182592e-17,7.0574915e-01,-6.1958545e-01,4.3720598e-18,-6.0360688e-01,-5.3910440e-01,-0.762760219344E-01,
1.1377419e-18,7.1499660e-03,1.2800266e-01,-6.1168459e-18,6.8919110e-01,-5.0274980e-01,-1.1939941e-17,-8.0266631e-01,-5.9216034e-01,-0.823556867586E-01,
-5.5770223e-20,-1.1237982e-03,1.1916383e-01,6.1938503e-18,8.6687839e-01,-4.8434237e-01,-5.3087368e-18,-8.4904289e-01,-4.7028923e-01,-0.815639679892E-01,
1.5606406e-19,-4.2616590e-03,1.2436211e-01,-9.6126808e-18,6.8599075e-01,-5.4521215e-01,7.1358324e-18,-6.1835515e-01,-4.9191990e-01,-0.799947376804E-01,
1.1827812e-18,-1.4903635e-03,1.3539019e-01,-1.2272371e-17,7.3162895e-01,-6.1539644e-01,-6.4992242e-18,-7.0797580e-01,-5.9675944e-01,-0.809192861831E-01,
-1.7816234e-18,-5.3790128e-03,1.0030856e-01,1.6311610e-17,8.7598652e-01,-3.6132476e-01,1.1964046e-17,-7.9061770e-01,-2.9406002e-01,-0.738604641466E-01,
1.3220875e-18,6.1369305e-03,1.3117300e-01,-7.0034603e-18,7.1467942e-01,-5.3424162e-01,-1.3979028e-17,-8.1207693e-01,-6.1098421e-01,-0.795880536483E-01,
4.9614712e-19,4.5266701e-03,1.2181366e-01,-4.7827583e-18,6.6946507e-01,-4.7004008e-01,-3.0914552e-18,-7.4130660e-01,-5.2664626e-01,-0.878422425712E-01,
2.5073044e-19,4.8572328e-03,1.1839521e-01,-4.3935161e-18,6.3877100e-01,-4.4084656e-01,4.1424254e-19,-7.1585882e-01,-5.0158644e-01,-0.793531263648E-01,
1.5266420e-19,8.2888892e-03,1.1442940e-01,9.5863880e-18,7.9990846e-01,-3.8791990e-01,-1.2009281e-17,-9.3145913e-01,-4.9157274e-01,-0.735065047776E-01,
-5.5712967e-19,-6.4530545e-03,1.1691148e-01,-4.8645412e-18,7.0588696e-01,-4.9979040e-01,1.3706595e-17,-6.0347229e-01,-4.1909474e-01,-0.649698896128E-01,
-2.5557684e-20,2.9518518e-03,1.1634127e-01,-2.3945576e-18,6.6585088e-01,-4.3646127e-01,2.8001774e-18,-7.1269888e-01,-4.7337428e-01,-0.834384220451E-01,
-6.8968045e-19,-9.3627134e-03,1.1749844e-01,6.9954408e-18,9.2857575e-01,-5.2264088e-01,3.9502866e-18,-7.7998269e-01,-4.0555981e-01,-0.722635404281E-01,
-1.4737572e-19,-7.1529238e-03,1.2273560e-01,-8.4053611e-18,7.1227020e-01,-5.5038285e-01,1.0744322e-17,-5.9874809e-01,-4.6093526e-01,-0.718548962611E-01,
1.1475179e-18,8.6139468e-03,1.2697494e-01,-1.1129871e-17,5.8535469e-01,-4.8544091e-01,-7.0820706e-18,-7.2206432e-01,-5.9315860e-01,-0.696698031757E-01,
-1.6683441e-18,-5.8325529e-03,1.0212359e-01,1.8745006e-17,9.3760526e-01,-3.7856340e-01,7.7328243e-18,-8.4503841e-01,-3.0562711e-01,-0.699779457534E-01,
1.2693773e-19,9.8128279e-04,1.1985624e-01,-3.4199704e-18,7.0014149e-01,-4.7667482e-01,1.4053770e-18,-7.1571517e-01,-4.8894578e-01,-0.915316588257E-01,
-9.4610830e-19,-2.7488752e-03,1.0898751e-01,1.2484283e-17,8.8001734e-01,-4.1375038e-01,2.5311421e-18,-8.3639067e-01,-3.7937558e-01,-0.832003823164E-01,
1.2380464e-18,6.4154193e-03,1.2987214e-01,-7.2269711e-18,6.9571811e-01,-5.2217758e-01,-1.2421722e-17,-7.9753548e-01,-6.0240257e-01,-0.819917583512E-01,
-9.6803624e-19,6.7501431e-03,1.0122077e-01,1.5037715e-17,7.6811999e-01,-2.9272571e-01,3.2572118e-19,-8.7524968e-01,-3.7713650e-01,-0.714897144351E-01,
-3.6599237e-19,3.8352283e-03,1.1126456e-01,6.5588334e-18,7.5393260e-01,-3.9065236e-01,-7.5026926e-19,-8.1480050e-01,-4.3861204e-01,-0.887851113450E-01,
-1.1834217e-19,5.9291529e-03,1.1280143e-01,2.5556496e-18,6.8741763e-01,-3.8975567e-01,-6.7747292e-19,-7.8151757e-01,-4.6389991e-01,-0.814828775402E-01,
1.1145143e-19,9.3915267e-03,1.1303027e-01,7.0322512e-18,7.3535562e-01,-3.6992308e-01,-8.8010661e-18,-8.8440597e-01,-4.8736447e-01,-0.759146515431E-01,
3.5131572e-20,-3.7226689e-04,1.1974140e-01,-1.0867088e-18,7.4783081e-01,-4.8422655e-01,5.2914532e-19,-7.4192268e-01,-4.7957134e-01,-0.942610764431E-01,
-8.2492099e-20,3.3595460e-03,1.1528742e-01,8.0787789e-19,7.0430183e-01,-4.2554939e-01,5.0133184e-19,-7.5762028e-01,-4.6756062e-01,-0.891488024946E-01,
-3.0098574e-19,7.2753923e-03,1.0939045e-01,7.4327406e-18,7.2203118e-01,-3.5427091e-01,-2.6558782e-18,-8.3749694e-01,-4.4524994e-01,-0.787395462551E-01,
7.4750358e-19,6.5249987e-03,1.2347355e-01,-5.4030652e-18,6.6019410e-01,-4.7071728e-01,-6.4603588e-18,-7.6375055e-01,-5.5231261e-01,-0.844834862976E-01,
-3.1960181e-19,1.2175909e-03,1.1392403e-01,6.1639531e-18,7.9503947e-01,-4.2812303e-01,-1.0916409e-18,-8.1436354e-01,-4.4334903e-01,-0.917580908096E-01,
-1.0329809e-18,-2.1021338e-03,1.0736006e-01,8.0860164e-18,7.8666574e-01,-3.9679217e-01,8.3081400e-18,-7.5330335e-01,-3.7050492e-01,-0.861366409553E-01,
1.4834510e-18,5.5549894e-03,1.3370794e-01,-1.7498364e-17,5.7343221e-01,-5.5799586e-01,-6.0450789e-18,-6.6159391e-01,-6.2746119e-01,-0.709325619663E-01,
-1.8726361e-20,-3.4656730e-03,1.2148575e-01,1.6050426e-18,8.3390534e-01,-5.1741022e-01,-1.3078420e-18,-7.7890265e-01,-4.7407183e-01,-0.879352021730E-01,
-1.6805514e-18,-2.9894789e-03,9.9726357e-02,1.5759571e-17,8.4214574e-01,-3.4176415e-01,1.0912000e-17,-7.9470050e-01,-3.0438063e-01,-0.769083874963E-01,
-4.3344256e-19,8.9785289e-03,1.0634405e-01,1.1136464e-17,7.3832196e-01,-3.1944779e-01,-4.2574167e-18,-8.8081771e-01,-4.3172461e-01,-0.709641516395E-01,
-1.8422323e-19,-4.7752778e-03,1.2038802e-01,-9.0627794e-18,6.5902352e-01,-5.1688772e-01,1.1986537e-17,-5.8323640e-01,-4.5717272e-01,-0.638934761157E-01,
2.3827837e-19,-7.7920426e-03,1.2820174e-01,-6.0950580e-18,8.1012219e-01,-5.9775472e-01,2.3134066e-18,-6.8645680e-01,-5.0031495e-01,-0.806992869396E-01,
-7.6912928e-19,4.3866159e-03,1.0564258e-01,8.4518321e-18,7.2385246e-01,-3.4259236e-01,3.7548073e-18,-7.9347122e-01,-3.9744717e-01,-0.783040943109E-01,
-1.2061845e-18,-1.1856747e-02,1.1281725e-01,5.5943176e-18,8.7833983e-01,-5.0108790e-01,1.3548706e-17,-6.9016463e-01,-3.5281885e-01,-0.647768453665E-01,
-3.3564671e-19,-9.3891256e-04,1.1541674e-01,2.0657090e-18,7.6025605e-01,-4.5345181e-01,3.2612481e-18,-7.4535483e-01,-4.4171065e-01,-0.932677094759E-01,
-1.4408912e-18,-1.0722826e-02,1.0890362e-01,9.6942515e-18,8.9688396e-01,-4.6294197e-01,1.3173737e-17,-7.2670496e-01,-3.2885265e-01,-0.672990518179E-01,
-6.5852908e-19,-7.8181811e-03,1.1668231e-01,4.9983559e-18,8.7548506e-01,-5.0650734e-01,5.4529785e-18,-7.5140482e-01,-4.0874070e-01,-0.813857843427E-01,
-7.7915781e-19,5.6997077e-03,1.0447891e-01,1.3280864e-17,7.8057718e-01,-3.2514811e-01,-9.1506628e-19,-8.7103570e-01,-3.9642316e-01,-0.786644701924E-01,
4.2289971e-19,-2.0502969e-03,1.2605332e-01,-2.1289948e-18,8.0769306e-01,-5.4480588e-01,-4.5827307e-18,-7.7515340e-01,-5.1916689e-01,-0.869436290786E-01,
-1.4064557e-19,3.1383550e-03,1.1471339e-01,2.0156599e-18,7.2000051e-01,-4.2237726e-01,2.1648744e-19,-7.6980847e-01,-4.6162251e-01,-0.904382762091E-01,
-1.9525892e-19,1.6157028e-03,1.1521037e-01,5.3896822e-18,7.9219049e-01,-4.3584144e-01,-2.2907822e-18,-8.1783289e-01,-4.5604587e-01,-0.916535337928E-01,
-5.4433659e-19,6.8433094e-03,1.0659949e-01,7.4354637e-18,6.9739628e-01,-3.3482522e-01,1.2035523e-18,-8.0600452e-01,-4.2040104e-01,-0.717120691093E-01,
1.3226260e-18,1.0417501e-02,1.2780714e-01,-4.4370779e-18,6.8872565e-01,-4.8076794e-01,-1.6553955e-17,-8.5405892e-01,-6.1103916e-01,-0.731310368356E-01,
-5.5867887e-19,-9.8775160e-03,1.1958978e-01,4.5681020e-18,9.1408163e-01,-5.4245526e-01,4.2985367e-18,-7.5731826e-01,-4.1893655e-01,-0.730327484856E-01,
1.4997581e-18,3.6321909e-03,1.3543281e-01,-1.2325764e-17,6.9053674e-01,-5.8370566e-01,-1.1476486e-17,-7.4818224e-01,-6.2912637e-01,-0.794920432447E-01,
-1.6049643e-18,-5.3632883e-03,1.0256940e-01,1.1530540e-17,8.2055020e-01,-3.7916702e-01,1.3941408e-17,-7.3543090e-01,-3.1209892e-01,-0.733457446707E-01,
-1.2933217e-18,-2.5044356e-03,1.0432701e-01,1.9366409e-17,9.4353467e-01,-3.7523925e-01,1.1595443e-18,-9.0378743e-01,-3.4392118e-01,-0.679360617992E-01,
-3.6139702e-19,-4.8337616e-03,1.1815426e-01,8.1486083e-18,9.1807431e-01,-4.9952763e-01,-2.4129760e-18,-8.4135902e-01,-4.3908128e-01,-0.744788229064E-01,
-2.8683816e-19,7.0763379e-03,1.0972933e-01,1.2299381e-17,8.0650204e-01,-3.5820472e-01,-7.7470510e-18,-9.1880870e-01,-4.4669455e-01,-0.762302310894E-01,
1.0398416e-18,5.8271512e-03,1.2778518e-01,-4.2478533e-18,7.2802085e-01,-5.0929493e-01,-1.2255189e-17,-8.2050198e-01,-5.8216363e-01,-0.831366135634E-01,
4.2274177e-19,4.4147493e-03,1.2095728e-01,-2.7754803e-18,6.9450974e-01,-4.6394414e-01,-3.9337381e-18,-7.6457500e-01,-5.1915073e-01,-0.900391388476E-01,
4.1415553e-19,3.6511056e-03,1.2144849e-01,-8.1898772e-18,6.1709279e-01,-4.7261679e-01,1.6169288e-18,-6.7503846e-01,-5.1827401e-01,-0.769122585324E-01,
2.1679345e-19,4.4995560e-03,1.1824033e-01,3.0489371e-18,7.6159400e-01,-4.4185397e-01,-6.4896066e-18,-8.3300525e-01,-4.9812108e-01,-0.891490308335E-01,
-1.3988458e-18,-4.7325366e-03,1.0472472e-01,1.2632267e-17,8.5524404e-01,-3.9232650e-01,9.5684308e-18,-7.8013527e-01,-3.3314595e-01,-0.810533014203E-01,
9.4013543e-19,-4.3986975e-03,1.3455942e-01,-1.3169008e-17,7.3169762e-01,-6.2698841e-01,-1.7516226e-18,-6.6188705e-01,-5.7198250e-01,-0.804535538549E-01,
1.3024084e-18,3.9016223e-03,1.3268104e-01,-8.2248645e-18,7.2765803e-01,-5.6018478e-01,-1.2445303e-17,-7.8957963e-01,-6.0897470e-01,-0.806121116486E-01,
4.4879046e-19,2.2432210e-03,1.2300348e-01,-5.6638938e-18,6.8517786e-01,-4.9375904e-01,-1.4587367e-18,-7.2077942e-01,-5.2181059e-01,-0.908942764933E-01,
-1.8785185e-19,-2.9866868e-03,1.1893205e-01,-4.7619274e-18,7.0040530e-01,-4.9415082e-01,7.7432733e-18,-6.5300441e-01,-4.5680219e-01,-0.834449026115E-01,
4.3093256e-19,-2.1972342e-03,1.2627245e-01,-8.3570347e-18,7.0935446e-01,-5.4746360e-01,1.5178230e-18,-6.7448276e-01,-5.1998711e-01,-0.894810572208E-01,
-6.2867143e-19,4.1505559e-03,1.0763597e-01,6.0941911e-18,7.0729822e-01,-3.5988665e-01,3.8832813e-18,-7.7317059e-01,-4.1178951e-01,-0.789416437103E-01,
2.5492471e-19,1.1530965e-02,1.1319074e-01,7.3304001e-18,7.2486365e-01,-3.5781962e-01,-1.1376240e-17,-9.0786839e-01,-5.0201470e-01,-0.679685000252E-01,
-3.5465797e-21,4.9520393e-05,1.1891135e-01,5.9413902e-20,7.5484186e-01,-4.7500262e-01,-3.1271046e-21,-7.5562781e-01,-4.7562185e-01,-0.943831011273E-01,
-1.6881139e-18,-4.2693284e-03,1.0063748e-01,1.8841141e-17,9.1180372e-01,-3.5699651e-01,7.9504489e-18,-8.4404635e-01,-3.0360842e-01,-0.732175944005E-01,
6.5265931e-19,1.9995873e-03,1.2581882e-01,-1.4262615e-17,5.7503700e-01,-5.1762301e-01,3.9044393e-18,-6.0677183e-01,-5.4262793e-01,-0.653196638523E-01,
-7.8104068e-19,-5.1975283e-03,1.1304095e-01,5.4435011e-18,8.2528639e-01,-4.6122617e-01,6.9521809e-18,-7.4279779e-01,-3.9623088e-01,-0.875388558172E-01,
-7.5425839e-19,-5.0491407e-03,1.1326867e-01,2.7956442e-18,7.8315938e-01,-4.6210533e-01,9.1749831e-18,-7.0302588e-01,-3.9896566e-01,-0.855059350288E-01,
7.6406704e-19,-3.3452881e-03,1.3146378e-01,-1.6510292e-17,6.3759446e-01,-5.9583688e-01,4.3839952e-18,-5.8450234e-01,-5.5400395e-01,-0.735896956252E-01,
1.3830592e-18,7.1372171e-03,1.3116942e-01,-8.1050978e-18,6.8871462e-01,-5.2795893e-01,-1.3845056e-17,-8.0198741e-01,-6.1721003e-01,-0.792476528406E-01,
7.7185867e-19,1.0391003e-03,1.2810946e-01,-7.3135869e-18,7.1921438e-01,-5.4180557e-01,-4.9363707e-18,-7.3570567e-01,-5.5479956e-01,-0.903094357941E-01,
-1.0412455e-18,-2.6265762e-03,1.0766693e-01,7.6080293e-18,7.8611183e-01,-4.0250644e-01,8.9172932e-18,-7.4442619e-01,-3.6966100e-01,-0.854958245958E-01,
-7.4220962e-19,-6.5794056e-03,1.1462945e-01,6.7304357e-18,8.7326729e-01,-4.8247167e-01,5.0489690e-18,-7.6884735e-01,-4.0019599e-01,-0.834417786055E-01,
-5.4472997e-19,-2.5527887e-03,1.1399790e-01,2.4969618e-19,7.2911566e-01,-4.5228359e-01,8.3955639e-18,-6.8860108e-01,-4.2036089e-01,-0.852786076087E-01,
-1.5033565e-18,-3.8792288e-03,1.0270754e-01,1.2098865e-17,8.1944633e-01,-3.7098411e-01,1.1760495e-17,-7.5788009e-01,-3.2247421e-01,-0.783482291053E-01,
7.4072814e-19,3.2745586e-03,1.2594748e-01,-1.5274486e-18,7.7419651e-01,-5.1067227e-01,-1.0228446e-17,-8.2616615e-01,-5.5162078e-01,-0.849452579023E-01,
6.1382695e-20,-2.2638752e-03,1.2156965e-01,-3.9625203e-19,7.9253000e-01,-5.1056170e-01,-5.7793600e-19,-7.5660068e-01,-4.8225188e-01,-0.921950304236E-01,
8.6652044e-19,3.8546240e-03,1.2710911e-01,-1.1756398e-17,6.1424100e-01,-5.1626337e-01,-1.9959086e-18,-6.7541671e-01,-5.6446558e-01,-0.802174262684E-01,
-1.7406747e-19,5.2218381e-03,1.1264168e-01,7.5088536e-18,7.7231348e-01,-3.9291048e-01,-4.7462772e-18,-8.5518783e-01,-4.5820975e-01,-0.862952363936E-01,
-7.4608967e-19,3.7338410e-03,1.0645340e-01,1.4740668e-17,8.3990276e-01,-3.5310796e-01,-2.8996841e-18,-8.9916152e-01,-3.9979976e-01,-0.793974077097E-01,
-3.8657952e-19,5.4996004e-03,1.0968824e-01,1.3937998e-17,8.4536076e-01,-3.6773717e-01,-7.8027021e-18,-9.3264341e-01,-4.3650985e-01,-0.742006748658E-01,
-1.8134791e-18,-5.5997316e-03,1.0007256e-01,1.2359930e-17,8.1082535e-01,-3.6083204e-01,1.6421302e-17,-7.2195351e-01,-2.9080719e-01,-0.648937889799E-01,
-9.7038377e-19,-6.6761510e-03,1.1176956e-01,1.1813243e-17,9.2824113e-01,-4.6038231e-01,3.5874521e-18,-8.2228577e-01,-3.7689680e-01,-0.751714092964E-01,
-1.3218108e-18,-4.8386855e-03,1.0579964e-01,6.7555597e-18,7.7093810e-01,-4.0152004e-01,1.4222537e-17,-6.9414461e-01,-3.4101212e-01,-0.716965855767E-01,
1.3011458e-18,6.4253984e-03,1.3067622e-01,-9.2729337e-18,6.7032397e-01,-5.2849591e-01,-1.1377194e-17,-7.7229971e-01,-6.0884577e-01,-0.818499002974E-01,
4.3873835e-19,-4.1500493e-03,1.2791158e-01,-4.1888236e-18,8.0943072e-01,-5.7268071e-01,-2.7742720e-18,-7.4356639e-01,-5.2078420e-01,-0.849805713691E-01,
-5.7202910e-19,3.1990153e-03,1.0911459e-01,1.6248127e-17,8.9556670e-01,-3.7756956e-01,-7.1696095e-18,-9.4633746e-01,-4.1757333e-01,-0.686403167988E-01,
-1.2874849e-18,5.3687901e-03,9.8198555e-02,1.8925777e-17,8.1214118e-01,-2.7738026e-01,1.5075431e-18,-8.9734781e-01,-3.4451717e-01,-0.704324339545E-01,
3.7928317e-19,-2.9460466e-03,1.2619786e-01,-5.8452246e-18,7.5556618e-01,-5.5155355e-01,-1.7427455e-19,-7.0881027e-01,-5.1471311e-01,-0.905502266884E-01,
-1.4233092e-18,4.9585141e-03,9.6774057e-02,1.7852817e-17,7.8352779e-01,-2.6864159e-01,4.7361310e-18,-8.6222303e-01,-3.3064795e-01,-0.684553900269E-01,
9.1276537e-20,-2.6685477e-03,1.2227317e-01,-5.9992043e-18,7.1132338e-01,-5.1867467e-01,4.5505807e-18,-6.6897160e-01,-4.8530439e-01,-0.887425942441E-01,
8.1533533e-19,3.8665670e-03,1.2644106e-01,-9.1036074e-18,6.5074152e-01,-5.1088744e-01,-3.8363557e-18,-7.1210676e-01,-5.5923903e-01,-0.863975546666E-01,
-5.5154614e-19,-1.1081314e-02,1.2063008e-01,-5.0553726e-18,7.7694786e-01,-5.5823708e-01,1.3808810e-17,-6.0107934e-01,-4.1966489e-01,-0.614311144088E-01,
-9.4062016e-19,2.3133822e-03,1.0506942e-01,1.4644776e-17,8.3567041e-01,-3.5100707e-01,2.8354748e-19,-8.7238544e-01,-3.7993601e-01,-0.821859743207E-01,
3.0859071e-20,-2.0939486e-04,1.1955808e-01,-9.2927207e-19,7.4726337e-01,-4.8175356e-01,4.3951627e-19,-7.4394011e-01,-4.7913507e-01,-0.942900177830E-01,
-8.5661733e-19,6.0379561e-03,1.0321565e-01,9.0055898e-18,6.9535005e-01,-3.1300879e-01,4.5895492e-18,-7.9117680e-01,-3.8851362e-01,-0.649402011648E-01,
8.9101290e-19,8.2884310e-03,1.2393074e-01,-6.2846002e-18,6.3640857e-01,-4.6331942e-01,-7.8564208e-18,-7.6795202e-01,-5.6696653e-01,-0.783615925073E-01,
7.8186482e-20,-4.0714452e-03,1.2321012e-01,-7.6505662e-18,7.0492321e-01,-5.3488129e-01,6.4096902e-18,-6.4030641e-01,-4.8396775e-01,-0.841138993390E-01,
-3.3054460e-20,-4.2814771e-03,1.2194417e-01,-4.9447720e-18,7.3802936e-01,-5.2614880e-01,5.4693707e-18,-6.7007917e-01,-4.7260877e-01,-0.881624260026E-01,
1.6701330e-19,4.0556486e-03,1.1794954e-01,-1.6462187e-18,6.8551022e-01,-4.4232193e-01,-1.0044030e-18,-7.4987632e-01,-4.9303797e-01,-0.883701713386E-01,
9.7568869e-19,2.8310721e-03,1.2932037e-01,-4.6060080e-18,7.6140785e-01,-5.4021025e-01,-1.0878881e-17,-8.0633903e-01,-5.7561290e-01,-0.833811593973E-01,
-1.2689659e-18,-4.6290122e-03,1.0631444e-01,1.0092438e-17,8.2895416e-01,-4.0429413e-01,1.0046971e-17,-7.5548840e-01,-3.4640819e-01,-0.825905029745E-01,
-1.2353381e-18,-4.3158876e-03,1.0650043e-01,1.4704126e-17,9.0365720e-01,-4.0381229e-01,4.9015845e-18,-8.3516097e-01,-3.4984195e-01,-0.787129764814E-01,
-7.1009878e-19,-3.9220797e-03,1.1294886e-01,7.1410932e-18,8.4196150e-01,-4.5252061e-01,4.1286884e-18,-7.7971530e-01,-4.0347487e-01,-0.886645524986E-01,
2.8371837e-19,-2.4218226e-03,1.2455509e-01,-7.3720685e-18,7.0992649e-01,-5.3523988e-01,2.8692521e-18,-6.7149037e-01,-5.0495487e-01,-0.894254430379E-01,
-1.0001242e-19,8.3709694e-03,1.1111331e-01,2.8236753e-18,6.5541685e-01,-3.6109233e-01,-1.2364059e-18,-7.8827018e-01,-4.6577162e-01,-0.672913088359E-01,
1.2338624e-18,1.2763456e-03,1.3386753e-01,-1.3516723e-17,6.7401731e-01,-5.8601463e-01,-6.0655682e-18,-6.9427383e-01,-6.0197538e-01,-0.836434511951E-01,
-1.2336204e-18,-4.6083699e-03,1.0675299e-01,5.5872783e-18,7.5963229e-01,-4.0764517e-01,1.3991173e-17,-6.8649411e-01,-3.5001737e-01,-0.717856684530E-01,
7.7656073e-19,9.1865547e-03,1.2175032e-01,-5.3126382e-18,6.2319571e-01,-4.4040146e-01,-7.0119422e-18,-7.6899296e-01,-5.5527967e-01,-0.728931091469E-01,
3.7983224e-19,-3.0423461e-03,1.2628080e-01,-3.2200276e-18,8.0003840e-01,-5.5281383e-01,-2.8081864e-18,-7.5175416e-01,-5.1476920e-01,-0.879166280941E-01,
-1.4086438e-18,-2.8555810e-03,1.0311973e-01,1.2923890e-17,8.2894814e-01,-3.6785460e-01,9.4323107e-18,-7.8362805e-01,-3.3214545e-01,-0.817968005003E-01,
1.3421148e-18,4.9340534e-03,1.3237849e-01,-1.0386818e-17,6.8111092e-01,-5.5132866e-01,-1.0913518e-17,-7.5941795e-01,-6.1302918e-01,-0.824095052774E-01,
-7.4348958e-19,-5.0844452e-03,1.1343505e-01,2.1952373e-18,7.7530986e-01,-4.6364644e-01,9.6044818e-18,-6.9461608e-01,-4.0006527e-01,-0.845168917969E-01,
-6.3275367e-19,-2.0332080e-03,1.1245583e-01,2.3565739e-18,7.4387008e-01,-4.3679801e-01,7.6856866e-18,-7.1160161e-01,-4.1137266e-01,-0.873740057729E-01,
5.2422525e-19,4.2137681e-03,1.2242152e-01,-7.6274539e-18,6.3161242e-01,-4.7682005e-01,-6.9238119e-19,-6.9848794e-01,-5.2951336e-01,-0.817793447247E-01,
-1.3688318e-19,3.0143373e-03,1.1485951e-01,4.6756219e-18,7.6589680e-01,-4.2431229e-01,-2.5031869e-18,-8.1373656e-01,-4.6200669e-01,-0.915064191289E-01,
1.7120182e-19,1.8902236e-03,1.1970964e-01,2.3328392e-18,7.8540283e-01,-4.6982834e-01,-5.0499368e-18,-8.1540203e-01,-4.9346566e-01,-0.909459470852E-01,
2.5345481e-19,3.0321940e-03,1.1986827e-01,-3.3086606e-18,6.8580580e-01,-4.6394694e-01,-7.1385046e-19,-7.3392886e-01,-5.0186461e-01,-0.900223561078E-01,
9.9800003e-19,9.8349107e-03,1.2408892e-01,-1.1062560e-18,7.1029854e-01,-4.5490524e-01,-1.4732729e-17,-8.6638570e-01,-5.7789111e-01,-0.760648382503E-01,
-8.1936965e-19,6.9324919e-03,1.0299012e-01,1.8349149e-17,8.3857214e-01,-3.0562600e-01,-5.3451592e-18,-9.4859582e-01,-3.9231706e-01,-0.681132861719E-01,
-3.6031005e-20,6.0287397e-03,1.1378213e-01,9.2572636e-18,8.0594981e-01,-3.9691526e-01,-8.6854279e-18,-9.0163028e-01,-4.7230482e-01,-0.801386706895E-01,
-5.4227092e-19,-5.1208767e-03,1.1605301e-01,4.2602829e-18,8.3568960e-01,-4.8464873e-01,4.3459507e-18,-7.5441760e-01,-4.2061198e-01,-0.884238316092E-01,
1.9172039e-18,3.6001662e-03,1.4082968e-01,-1.5826576e-17,6.8797100e-01,-6.2673211e-01,-1.4600841e-17,-7.4510825e-01,-6.7175227e-01,-0.693324246454E-01,
-6.6904612e-19,-1.0668876e-02,1.1879313e-01,4.3390049e-18,9.0859669e-01,-5.4108149e-01,6.2792409e-18,-7.3927391e-01,-4.0766680e-01,-0.722624344557E-01,
1.3712858e-18,7.7686268e-03,1.3052042e-01,-4.6272566e-18,7.3396534e-01,-5.1886094e-01,-1.7136044e-17,-8.5725909e-01,-6.1600786e-01,-0.738096624252E-01,
1.2988974e-18,2.1725043e-03,1.3399829e-01,-1.2660013e-17,6.8221390e-01,-5.8144891e-01,-7.9544302e-18,-7.1669310e-01,-6.0861617e-01,-0.832811624582E-01,
7.5905092e-19,-3.6350398e-03,1.3162754e-01,-1.0287823e-17,7.4316359e-01,-5.9894800e-01,-1.7588652e-18,-6.8547291e-01,-5.5349171e-01,-0.850039448103E-01,
1.4791065e-18,-2.1027781e-03,1.3968582e-01,-1.5746263e-17,7.2301751e-01,-6.5331292e-01,-7.7282293e-18,-6.8964487e-01,-6.2701762e-01,-0.733494707830E-01,
2.6624752e-19,-5.0749867e-03,1.2642078e-01,-1.0758249e-17,6.9446945e-01,-5.6663382e-01,6.5327085e-18,-6.1392570e-01,-5.0317091e-01,-0.797259638082E-01,
4.9130537e-19,1.2688919e-03,1.2431826e-01,-8.4919437e-18,6.5996528e-01,-5.1028430e-01,6.9457115e-19,-6.8010354e-01,-5.2615190e-01,-0.872718615884E-01,
-7.0122815e-19,6.7376886e-03,1.0466384e-01,1.6543579e-17,8.2748711e-01,-3.2012564e-01,-5.4145816e-18,-9.3441910e-01,-4.0438065e-01,-0.717007143939E-01,
-4.5429271e-19,-3.3432413e-03,1.1578446e-01,1.0873551e-17,9.2688161e-01,-4.7140291e-01,-3.6635986e-18,-8.7382197e-01,-4.2959556e-01,-0.719198754185E-01,
2.5168754e-20,5.1297410e-03,1.1527799e-01,-2.1172817e-18,6.4238828e-01,-4.1440642e-01,1.7178370e-18,-7.2380102e-01,-4.7855401e-01,-0.756585096075E-01,
9.6826702e-19,7.6901057e-04,1.3084963e-01,-1.4616769e-17,6.2968433e-01,-5.6523860e-01,-7.5033098e-19,-6.4188904e-01,-5.7485509e-01,-0.811127465460E-01,
-6.0520344e-19,-8.4046358e-03,1.1783058e-01,-3.2120422e-18,7.5761724e-01,-5.1928616e-01,1.2817061e-17,-6.2422955e-01,-4.1418585e-01,-0.704637279591E-01,
1.0545229e-19,2.7868310e-03,1.1815712e-01,8.7351257e-18,8.6720955e-01,-4.5190248e-01,-1.0408732e-17,-9.1143858e-01,-4.8675188e-01,-0.736559100758E-01,
6.0319044e-20,7.4227783e-03,1.1392354e-01,2.9773431e-18,6.9375294e-01,-3.8932115e-01,-3.9346500e-18,-8.1155783e-01,-4.8214325e-01,-0.807226110877E-01,
-1.3649500e-18,-1.9644664e-03,1.0297984e-01,9.1139091e-18,7.5824630e-01,-3.6117285e-01,1.2548837e-17,-7.2706878e-01,-3.3660710e-01,-0.734779143663E-01,
