0.00014983,0.0316706,0.00178726,0.109124,0.000206307,0.0369891,9.2017e-05,0.0230878,0.00128138,0.0859199,0.00159978,0.0498911,0.00222484,0.0540943,0.00217389,0.0534616,0.00495815,0.0807122,0.0144734,0.0144734,
0.000127314,0.0291941,0.00110391,0.0857614,0.00214482,0.119264,0.00268678,0.124757,0.00850287,0.221329,0.00587363,0.0955974,0.000575385,0.0275094,0.00280553,0.0607338,0.00139932,0.0428783,0.0252196,0.0252196,
0.000636006,0.065251,0.000116321,0.0278391,0.000157826,0.0323523,0.00147226,0.092351,3.74977e-06,0.0046479,0.000452374,0.0265303,5.74178e-05,0.00869011,4.30894e-05,0.00752677,9.59888e-05,0.0112303,0.00303504,0.00303504,
0.00357619,0.154727,0.000300067,0.0447131,0.00438009,0.170434,0.000791276,0.0677037,0.000147582,0.0291589,0.00281393,0.0661682,0.000183083,0.0155177,5.59545e-05,0.00857711,0.0021557,0.0532199,0.0144039,0.0144039,
0.00213521,0.119558,0.00282483,0.13719,0.002418,0.126632,0.0112772,0.255594,0.0122687,0.265861,0.00256971,0.0632317,0.00130743,0.0414678,0.00442057,0.0762364,0.000223875,0.0171507,0.0394456,0.0394456,
0.000337684,0.0475458,3.70952e-05,0.0157212,8.89692e-05,0.0242905,0.000696383,0.0635145,6.55919e-05,0.0194393,0.000200723,0.0176722,0.000347327,0.0213733,0.000260511,0.018507,0.000123807,0.0127542,0.00215809,0.00215809,
0.00681571,0.213605,0.00114349,0.0872855,0.00542724,0.189717,0.00505283,0.171086,0.00108167,0.0789407,0.00391329,0.0780304,0.00169367,0.0471972,0.00973193,0.113116,0.00509482,0.081817,0.0399546,0.0399546,
0.00335953,0.149967,0.00157389,0.102403,0.0103705,0.26225,0.00456533,0.162624,0.00916851,0.229828,0.00773809,0.109726,0.00116386,0.0391248,0.0071716,0.0971027,0.000761202,0.0316249,0.0458725,0.0458725,
0.00071077,0.0689797,0.000322759,0.0463729,0.00124725,0.0909481,0.00037255,0.0464559,0.000476236,0.05238,0.000628538,0.0312722,0.0022456,0.0543461,8.40676e-05,0.0105133,0.000378352,0.022296,0.00646613,0.00646613,
0.000603229,0.0635474,0.000358122,0.0488473,0.00151682,0.100296,0.00111312,0.0803007,0.00608617,0.187252,0.000193157,0.017336,0.00101259,0.0364937,0.000745941,0.0313167,0.00391827,0.0717507,0.0155474,0.0155474,
0.00479695,0.179201,0.000648826,0.0657491,0.000469667,0.0558098,0.00328835,0.138019,0.00757994,0.208972,0.00169728,0.0513889,0.00328564,0.0657373,0.0154073,0.142327,0.00389221,0.0715118,0.0410662,0.0410662,
0.000456495,0.0552809,0.00195558,0.114147,0.00036014,0.0488711,0.000603106,0.0591079,0.000253595,0.038223,0.00181086,0.0530806,4.11657e-05,0.00735817,0.000599541,0.0280759,5.34933e-05,0.00838358,0.00613398,0.00613398,
0.000266976,0.0422759,0.00429235,0.169111,0.000344446,0.0477943,0.00613717,0.188553,0.00693071,0.199822,0.0124891,0.139399,0.000228399,0.017332,0.00617727,0.0901201,0.00460562,0.0777899,0.041472,0.041472,
0.00297389,0.141098,0.005094,0.184228,0.00601373,0.199705,0.000463988,0.0518444,0.0041421,0.154477,0.00789655,0.110844,0.00745855,0.0990443,0.00795536,0.102271,0.00278839,0.0605279,0.0447866,0.0447866,
6.43664e-05,0.020758,0.000164335,0.0330895,0.00148157,0.0991237,0.00165591,0.0979416,0.00209955,0.109981,0.00119678,0.0431519,0.00162189,0.0461862,0.00270441,0.0596293,0.00204959,0.0518935,0.0130384,0.0130384,
0.000913717,0.0782101,0.000468791,0.0558876,0.000419147,0.0527229,0.00214259,0.111408,0.000340328,0.0442796,0.0011754,0.0427647,0.000165577,0.0147571,0.00258151,0.0582587,0.0057576,0.0869761,0.0139647,0.0139647,
0.00448296,0.173236,0.00083482,0.0745799,0.0170632,0.336393,0.000436156,0.0502655,0.000320222,0.0429517,0.00208843,0.0570036,0.00711793,0.0967562,0.00390105,0.0716166,0.00128596,0.0411049,0.0375308,0.0375308,
0.000838697,0.0749306,0.0105407,0.265009,0.0011692,0.0880562,0.00211603,0.110716,0.00656207,0.194435,0.00350997,0.0739,0.000569282,0.0273631,0.00461876,0.0779267,0.00982806,0.113635,0.0397528,0.0397528,
0.00107721,0.0849194,0.00333946,0.149164,0.00590624,0.197912,0.00347829,0.141949,0.000118791,0.0261605,0.0013187,0.0452966,0.00668848,0.093792,0.00972121,0.113053,0.00179434,0.0485548,0.0334427,0.0334427,
0.0058129,0.197267,0.00786338,0.228892,0.00826368,0.234101,0.00735115,0.20636,0.00120904,0.0834592,0.000382368,0.0243912,0.00139099,0.0427724,0.00348322,0.0676727,0.00434491,0.0755562,0.0401016,0.0401016,
0.00266889,0.133666,0.00085081,0.0752908,0.0010635,0.0839818,0.00460419,0.163315,0.0104511,0.245378,0.00503956,0.0885501,0.00766473,0.100404,0.0111598,0.12113,0.00248379,0.0571264,0.0459865,0.0459865,
0.00062126,0.0644902,0.00113506,0.0869632,0.000755223,0.0707707,0.000587363,0.0583313,0.00213944,0.111021,0.000300574,0.0216256,3.25393e-06,0.00206874,0.00101044,0.0364485,0.00122058,0.0400463,0.00777319,0.00777319,
0.00642159,0.207338,0.0092372,0.248082,6.84733e-05,0.0213097,0.00405309,0.153229,0.00248985,0.119768,0.000610448,0.0308189,0.00130864,0.041487,0.00302262,0.0630399,0.00138223,0.0426157,0.0285941,0.0285941,
0.00511542,0.185053,0.00371866,0.157405,0.00528991,0.187301,0.00166928,0.0983363,0.00233254,0.115923,0.00695465,0.104023,0.00282358,0.06094,0.00367339,0.0694956,0.0109628,0.120016,0.0425402,0.0425402,
0.000102533,0.0261993,2.06266e-06,0.00370714,6.40699e-05,0.0206131,9.65525e-05,0.02365,9.51355e-06,0.00740331,1.57256e-05,0.00494648,3.38629e-05,0.00667366,1.12141e-05,0.00383978,5.65791e-05,0.00862199,0.000392114,0.000392114,
0.0068123,0.213552,0.00654661,0.20885,0.00126093,0.0914452,0.00685196,0.199231,0.00404155,0.152591,0.0039333,0.0782296,0.00186032,0.0494648,0.00102677,0.0367418,0.00825198,0.104126,0.0405857,0.0405857,
0.00035078,0.048459,0.00347374,0.152133,0.0116711,0.27821,0.00518902,0.173377,0.00484665,0.1671,0.000292614,0.0213373,0.00735979,0.0983863,0.00821401,0.10392,0.00141004,0.0430422,0.0428078,0.0428078,
0.000347711,0.0482465,4.46814e-05,0.017254,4.53536e-05,0.0173429,1.54261e-05,0.00945314,9.35024e-05,0.0232095,3.76104e-05,0.00764974,8.15106e-05,0.010354,1.96503e-05,0.00508286,0.000193976,0.0159644,0.000879421,0.000879421,
0.00178654,0.109361,0.0174055,0.340541,0.00185858,0.111021,0.00195273,0.106358,0.0010107,0.0763072,0.00415574,0.0804113,0.0103402,0.116618,0.000958303,0.0354956,0.00474622,0.0789684,0.0442145,0.0442145,
0.00200947,0.115984,0.00721008,0.219177,0.010206,0.260162,0.00234354,0.116516,0.00498866,0.16953,0.00122062,0.0435796,2.95706e-05,0.00623637,0.00754838,0.0996208,0.00597196,0.0885804,0.0415283,0.0415283,
0.00461686,0.175805,0.00922222,0.247881,0.000905717,0.0775018,0.000755197,0.0661422,0.00219498,0.112453,0.000122267,0.0137927,0.00974533,0.113214,0.0118412,0.124773,0.00643446,0.0919465,0.0458382,0.0458382,
0.000222837,0.0386234,0.00614322,0.202313,0.00286368,0.137809,0.00334088,0.139117,0.00730414,0.205135,0.000767618,0.0345593,0.0011775,0.0393534,0.000548968,0.0268656,0.00173683,0.0477704,0.0241057,0.0241057,
0.00700831,0.216603,0.000335812,0.0473014,0.00406363,0.164162,0.000843988,0.0699225,0.0121603,0.264684,0.00910512,0.119024,0.0014997,0.0444124,0.00757113,0.0997709,0.00250266,0.057343,0.0450907,0.0450907,
0.00191568,0.113245,9.33619e-06,0.00788698,0.000229724,0.0390319,0.000223154,0.0359543,1.40104e-05,0.0089842,0.000155441,0.0155516,0.000502216,0.0257008,0.000189037,0.0157651,0.000678738,0.0298628,0.00391733,0.00391733,
1.86885e-05,0.0111852,7.8601e-06,0.00723668,2.7827e-05,0.0135847,1.17843e-06,0.00261277,6.37313e-06,0.00605942,2.76735e-05,0.00656182,6.99789e-05,0.00959369,7.09957e-06,0.0030552,8.5358e-05,0.0105901,0.000252037,0.000252037,
0.00952223,0.252479,0.0032408,0.146944,0.0146773,0.311989,0.00911226,0.229753,0.00150122,0.0929986,0.000660395,0.0320549,0.00671578,0.0939832,0.000564661,0.0272469,0.00086392,0.0336912,0.0468586,0.0468586,
0.000840514,0.0750117,0.00129271,0.092806,0.000734857,0.0698099,0.0032849,0.137946,0.00341395,0.140244,0.00174684,0.0521337,0.00566253,0.0862993,0.000325679,0.0206927,0.00155738,0.0452353,0.0188594,0.0188594,
1.44216e-05,0.0098257,0.00436793,0.170594,0.00549076,0.190824,0.00255744,0.121717,0.00592053,0.184686,0.00511198,0.089184,0.00989855,0.114101,0.00356155,0.0684295,0.00118365,0.0394358,0.0381068,0.0381068,
0.00197826,0.11508,0.00474621,0.177828,0.000195759,0.0360311,0.00323291,0.13685,0.00136771,0.088767,0.000581962,0.0300912,0.0107277,0.118783,0.00288953,0.0616364,0.00533958,0.0837592,0.0310596,0.0310596,
0.00301952,0.142176,0.00782565,0.228342,0.00291472,0.139032,0.000873304,0.0711265,0.000880294,0.0712145,0.00276715,0.0656159,0.00335874,0.0664646,0.00257094,0.0581393,0.00294812,0.0622375,0.0271584,0.0271584,
0.00191113,0.11311,0.00374163,0.157891,0.00137982,0.0956592,0.000862376,0.0706801,0.00126811,0.0854736,0.0071783,0.105683,0.00189021,0.0498606,0.00179511,0.0485813,0.00432149,0.0753523,0.0243482,0.0243482,
0.00102383,0.0827888,0.00265367,0.132969,0.00471428,0.176817,0.000717103,0.0644524,0.000473952,0.0522543,0.00142188,0.0470353,0.00920217,0.110014,0.00446726,0.076638,0.00438199,0.0758779,0.0290561,0.0290561,
0.00782516,0.228878,0.00173489,0.107513,0.00275518,0.135173,0.0037759,0.147897,0.000180578,0.0322542,0.000682777,0.0325936,0.00354013,0.0682357,0.00230185,0.0550126,0.00331662,0.0660127,0.0261131,0.0261131,
0.000723759,0.0696071,0.00796863,0.230419,0.010085,0.258615,0.00476607,0.166161,0.00119508,0.0829762,0.00839473,0.114287,0.00134314,0.0420303,0.000304197,0.0199987,0.00576865,0.0870596,0.0405493,0.0405493,
1.42394e-05,0.00976342,3.99217e-05,0.0163091,9.85966e-05,0.0255709,5.33029e-05,0.0175721,4.40813e-05,0.0159361,2.78595e-05,0.00658384,3.98476e-05,0.00723941,1.39287e-05,0.00427936,9.85791e-06,0.00359892,0.000341635,0.000341635,
0.00185735,0.111508,0.00180309,0.109606,0.00109916,0.085378,0.000665097,0.0620713,0.000116534,0.0259108,0.00141722,0.0469582,0.00215242,0.0532066,0.00159479,0.0457905,0.00044261,0.0241151,0.0111483,0.0111483,
0.000630238,0.0649545,0.00465705,0.176149,5.00703e-05,0.0182224,0.00188432,0.104478,0.000296557,0.0413341,9.66027e-05,0.0122599,0.00106607,0.0374451,0.00137078,0.0424529,0.00477803,0.0792326,0.0148297,0.0148297,
0.00339345,0.150722,0.000623492,0.0644527,0.00212573,0.118733,0.0015821,0.095734,0.00282414,0.127555,0.00821732,0.113073,0.000294279,0.0196735,0.0162508,0.146171,0.00133153,0.0418268,0.0366428,0.0366428,
0.000745974,0.0706673,0.00472815,0.177489,0.0016825,0.105632,0.00155981,0.0950571,1.85453e-07,0.00103365,0.000677333,0.0324634,0.000552692,0.0269615,0.000413691,0.0233218,0.0015315,0.0448578,0.0118918,0.0118918,
0.000274153,0.0428404,0.00580416,0.196651,0.000647859,0.0655475,0.00526783,0.174689,0.00462808,0.163288,0.00241972,0.0613586,0.00132088,0.0416805,0.00225681,0.0544717,0.00435582,0.075651,0.0269753,0.0269753,
0.00149729,0.100117,0.00782836,0.228382,0.00140361,0.0964804,0.000243878,0.0375868,0.00212202,0.110568,0.00350723,0.0738712,0.00122229,0.0400949,0.0010707,0.0375194,4.56597e-05,0.00774544,0.018941,0.018941,
0.00376742,0.15881,0.00209807,0.118232,0.0041359,0.165615,0.00114052,0.081283,0.00266734,0.123964,0.0019862,0.0555909,0.00185364,0.0493758,0.00883172,0.107757,0.00316286,0.0644644,0.0296437,0.0296437,
0.00533748,0.189027,0.00495704,0.181734,0.000855782,0.0753351,0.00445588,0.160663,0.000603932,0.0589859,0.00281468,0.0661771,0.0132752,0.132136,0.00546396,0.0847573,0.00591523,0.0881587,0.0436792,0.0436792,
0.00123742,0.0910155,5.21875e-05,0.018647,0.00566832,0.193884,0.000275404,0.0399423,0.00284753,0.128082,0.00283454,0.0664101,0.000116476,0.0123771,0.00242043,0.0564118,0.001467,0.0439031,0.0169193,0.0169193,
0.00187397,0.112005,0.000720576,0.0692892,0.00175102,0.107761,0.000114921,0.0258017,0.00200636,0.107512,0.00339177,0.072645,0.00601196,0.0889222,0.00718946,0.0972236,0.00275146,0.0601259,0.0258115,0.0258115,
0.000812531,0.0737525,0.000453825,0.0549882,0.00012644,0.0289573,0.000120854,0.0264594,0.000408166,0.0484923,0.00114778,0.0422592,0.000241366,0.0178172,0.000341421,0.021187,0.000275138,0.0190132,0.00392752,0.00392752,
0.000855736,0.075688,0.0013262,0.0940003,0.000529271,0.0592454,0.00126008,0.0854373,0.00177964,0.101256,0.000472034,0.0271006,0.000890969,0.0342321,0.00607065,0.089339,0.00418806,0.0741799,0.0173726,0.0173726,
0.00448747,0.173324,0.0108452,0.26881,0.00323973,0.146579,0.00142648,0.0909037,0.0119734,0.262642,0.000119112,0.0136135,0.00197069,0.050911,0.00152326,0.0447518,0.000660868,0.029467,0.0362462,0.0362462,
0.00140926,0.0971297,0.000578307,0.0620733,0.000508316,0.0580608,0.000216278,0.0353961,0.00109582,0.0794556,0.00124629,0.0440354,0.00061032,0.0283322,0.000485367,0.0252615,0.00250094,0.0573233,0.00865089,0.00865089,
0.00126819,0.0921403,0.00972988,0.254612,0.00505535,0.183101,0.00252539,0.120952,0.00134816,0.0881304,0.00293722,0.0676023,0.00993354,0.114302,0.000843235,0.0332964,0.000625855,0.0286759,0.0342668,0.0342668,
2.42552e-05,0.0127426,0.00128133,0.0923967,0.00121464,0.0897509,0.00164558,0.0976355,0.000577181,0.0576648,0.000863644,0.0366573,0.000558653,0.0271065,0.00184959,0.049313,0.00279798,0.0606319,0.0108128,0.0108128,
0.000876831,0.0766152,0.00633637,0.205469,0.00164216,0.104358,0.000271085,0.0396279,0.00091992,0.0727997,0.00128199,0.0446617,0.00134691,0.0420893,0.000719976,0.0307668,0.00325841,0.0654308,0.0166537,0.0166537,
0.010239,0.261809,0.000807858,0.0733657,0.000919972,0.0781094,0.00581081,0.183471,0.000105207,0.0246194,0.00155203,0.0491409,0.000191173,0.0158568,0.00687085,0.0950449,0.00170503,0.047331,0.0282019,0.0282019,
0.000210699,0.0375568,0.00254227,0.130148,0.00366882,0.155984,0.000110321,0.0252801,1.6075e-06,0.00304319,0.000627343,0.0312425,0.000609328,0.0283092,1.69987e-05,0.0047275,0.00028228,0.0192584,0.00806967,0.00806967,
0.000519494,0.0589722,0.00274948,0.135348,0.00254475,0.129909,0.00709871,0.202786,0.00517495,0.172666,0.000951862,0.038484,0.00175765,0.0480804,0.00509697,0.0818614,0.00433517,0.0754714,0.030229,0.030229,
0.00042079,0.053075,0.000934972,0.0789269,0.000148571,0.0313894,0.000530558,0.055439,4.28383e-05,0.0157098,0.00142016,0.0470068,0.000130513,0.0131018,2.91689e-05,0.00619275,0.000245298,0.0179525,0.00390287,0.00390287,
0.000504001,0.0580861,0.000113976,0.027557,0.00336599,0.149408,0.00260441,0.12283,0.000662352,0.061773,0.00216773,0.0580758,0.000384427,0.0224858,0.00330859,0.0659546,0.00114327,0.0387573,0.0142547,0.0142547,
0.0069126,0.215118,0.00259871,0.131584,0.00222999,0.12161,0.00115256,0.0817111,0.00317057,0.135152,0.00165793,0.0507898,0.00817587,0.103698,0.00424711,0.0747257,0.005362,0.0839349,0.0355073,0.0355073,
0.00550614,0.191991,0.00733345,0.221045,0.000148578,0.0313901,0.0039609,0.151477,0.0144824,0.288852,0.00318105,0.0703523,0.00441562,0.0762076,0.00217306,0.0534514,0.00307171,0.0635286,0.044273,0.044273,
0.000268348,0.0423844,0.00452495,0.173633,0.00418434,0.166582,0.000149388,0.0294175,0.00138832,0.0894332,0.00262442,0.0639013,0.000786963,0.0321721,0.000994526,0.0361603,0.00260929,0.0585518,0.0175305,0.0175305,
0.00139827,0.0967504,0.000560139,0.0610905,0.00132945,0.0938971,0.000574439,0.057686,6.52537e-05,0.0193891,2.98031e-05,0.00680963,0.00418058,0.0741515,0.000787459,0.0321764,0.0012417,0.0403913,0.0101671,0.0101671,
2.75125e-05,0.0135713,0.000327097,0.0466836,0.000276492,0.042821,9.12521e-05,0.0229916,5.87953e-05,0.0184046,0.000177309,0.0166095,5.03825e-05,0.00814033,1.80812e-05,0.00487571,1.52774e-05,0.00448027,0.0010422,0.0010422,
0.000261996,0.0418798,0.00687618,0.214042,0.00140384,0.0964883,0.00312739,0.134598,0.00380046,0.14797,0.0108807,0.130113,0.00111115,0.0382287,0.00357155,0.0685254,0.00555943,0.0854662,0.0365927,0.0365927,
0.000676673,0.0673048,0.0114863,0.27664,0.00647091,0.207156,0.000316821,0.0428406,0.0022925,0.114924,0.00121476,0.0434749,0.00482658,0.0796749,0.00110656,0.0381426,0.00298783,0.0626553,0.0313789,0.0313789,
0.00313149,0.144788,0.0037789,0.158675,0.00365311,0.155649,0.00570382,0.181774,0.0101887,0.242278,0.00198697,0.0556017,0.000168862,0.0149028,0.00254635,0.0578605,0.00404071,0.0728632,0.0351989,0.035199,
0.000239889,0.0400739,5.00503e-05,0.0182612,0.00220377,0.120892,0.0089177,0.227287,0.00159785,0.0959451,0.0100225,0.124877,0.00716302,0.0970622,0.0070338,0.0961653,0.00670243,0.0938416,0.043931,0.043931,
0.00136484,0.0955867,0.000116923,0.027911,0.000272231,0.0424898,0.000506125,0.0541474,0.000431095,0.0498357,0.00202049,0.0560688,0.000530332,0.0264105,0.000235115,0.0175818,0.000676723,0.0298184,0.00615387,0.00615387,
0.00164531,0.104949,0.000363162,0.0491899,0.000358807,0.0487805,0.00034237,0.0445345,0.00100197,0.075977,0.00288001,0.0669406,0.00018131,0.0154423,8.19824e-05,0.0103821,0.000293986,0.0196536,0.0071489,0.0071489,
0.00250551,0.12951,0.000295159,0.0443459,0.000476399,0.0562084,0.00335988,0.139512,0.00195216,0.10605,0.00138971,0.0465002,0.00416972,0.0740552,0.00705848,0.0963339,0.0110762,0.120635,0.0322832,0.0322832,
0.00596231,0.199786,0.00822361,0.234076,0.00327913,0.147467,0.00173382,0.100219,0.00340671,0.140095,0.00279643,0.0659622,0.00428264,0.0750513,0.00339524,0.0668127,0.000224849,0.017188,0.0333047,0.0333047,
0.00106569,0.0844642,0.00475327,0.17796,0.00302822,0.141713,0.0032435,0.137074,0.00103501,0.0772194,0.00568238,0.0940281,7.12084e-06,0.00306033,0.00251067,0.0574537,0.000800481,0.0324306,0.0221263,0.0221263,
0.0012753,0.092398,0.00230728,0.123987,0.00166506,0.105083,0.00373896,0.147172,0.00651458,0.19373,0.00417615,0.0806085,0.00359473,0.0687599,9.71223e-05,0.0113001,0.00747123,0.0990776,0.0308404,0.0308404,
0.0035076,0.153236,0.00408553,0.164987,0.00517724,0.185296,0.00315125,0.135111,0.000629363,0.0602151,0.000993537,0.0393174,0.00173409,0.0477571,0.00671336,0.0939493,0.000566632,0.0272854,0.0265586,0.0265586,
0.00510823,0.184924,0.00116488,0.0880982,0.00315745,0.144705,0.00813485,0.217082,0.00778959,0.211842,0.00145242,0.0475378,0.00804296,0.102851,0.00333314,0.0661989,0.00108431,0.0377448,0.0392678,0.0392678,
0.00174489,0.108079,0.0017601,0.108291,0.000329576,0.0467513,0.00353347,0.14307,0.00699165,0.200699,0.00355128,0.0743336,0.000858278,0.0335982,0.00277233,0.0603735,0.0117956,0.124491,0.0333372,0.0333372,
0.00631177,0.205557,0.0029223,0.139536,0.00244666,0.12738,0.00596464,0.185883,0.00795346,0.214059,0.00257204,0.0632604,0.00597202,0.0886263,0.000747405,0.0313474,0.00109983,0.0380138,0.0359901,0.0359901,
9.8264e-05,0.025648,0.00287716,0.138455,0.00111345,0.0859313,0.00982855,0.238613,0.00723573,0.204172,0.00576695,0.0947253,0.00297117,0.0625123,0.00470847,0.0786798,0.010279,0.116213,0.0448787,0.0448787,
0.00914213,0.247389,0.00370452,0.157106,0.00277964,0.135772,0.00163076,0.0971948,0.00282383,0.127548,0.00776144,0.109891,0.00195095,0.0506553,0.000157584,0.0143939,0.000112121,0.0121373,0.030063,0.030063,
0.00177298,0.108946,0.00519155,0.185983,0.00203851,0.116271,0.000872478,0.0710928,0.00125987,0.0851957,0.00761025,0.108816,0.00177852,0.048365,0.00138558,0.0426815,0.000592158,0.0278932,0.0225019,0.0225019,
0.000115474,0.0278035,0.000829577,0.0743454,0.00722391,0.218878,0.00348169,0.142018,0.000969125,0.0747213,0.00943233,0.121144,0.00512378,0.0820914,0.000449734,0.0243165,0.00197689,0.0509648,0.0296025,0.0296025,
0.00234333,0.125249,0.00365997,0.156158,0.000206356,0.0369934,0.00542442,0.177266,0.00341279,0.14022,0.000130258,0.0142362,0.00102729,0.0367577,0.00124541,0.040465,0.00252225,0.057567,0.0199721,0.0199721,
0.00359508,0.155135,0.00304885,0.142526,0.0011733,0.0882104,0.000331909,0.0438488,0.00338954,0.139741,0.00537079,0.0914138,0.00285013,0.0612258,0.00243761,0.0566116,0.000155994,0.0143164,0.0223532,0.0223532,
0.00509695,0.184719,0.00291877,0.139452,0.0061269,0.201575,0.0122221,0.266086,0.000770316,0.0666176,0.000908602,0.0375993,0.00619851,0.0902913,3.45311e-05,0.00673796,0.000626676,0.0286947,0.0349034,0.0349034,
0.000247262,0.0406851,0.003612,0.155131,0.0036858,0.156344,0.00124283,0.0848507,0.00169946,0.0989487,0.00527206,0.0905697,7.23112e-05,0.00975225,0.00448928,0.0768266,0.0013496,0.0421096,0.0216706,0.0216706,
0.00365732,0.156473,0.00105544,0.0838575,0.00304381,0.142077,0.00671742,0.197265,0.00177253,0.101053,0.00135994,0.0459994,0.00472999,0.0788737,0.00173895,0.0478153,0.00459277,0.0776813,0.0286682,0.0286682,
0.00738436,0.222338,0.00244085,0.127525,0.0014815,0.0991211,0.00444058,0.160387,0.000175359,0.0317848,0.003923,0.0781271,0.0123825,0.127616,0.00278589,0.0605209,0.00167766,0.0469496,0.0366917,0.0366917,
0.00171826,0.107251,0.000186325,0.035234,0.000906275,0.0775257,0.000319436,0.043017,0.00153517,0.0940442,0.000251075,0.0197649,9.87609e-06,0.00360408,0.000314671,0.02034,0.000254832,0.0182981,0.00549591,0.00549591,
0.00188121,0.112221,0.00292634,0.139633,0.000892925,0.0769526,0.00975971,0.237775,0.00117947,0.0824325,0.00766232,0.109187,0.00266289,0.0591805,0.00125937,0.0406912,3.23934e-05,0.00652391,0.0282566,0.0282566,
0.00172219,0.107374,0.00094513,0.0793545,0.00738682,0.221332,0.00341211,0.140592,0.0012294,0.084159,0.00145051,0.0475066,0.00626212,0.0907534,0.00425893,0.0748297,0.00109656,0.0379573,0.0277638,0.0277638,
0.0125741,0.290132,0.00288253,0.138584,0.00171426,0.106624,0.00149383,0.0930248,0.00049863,0.0535974,0.00383136,0.0772093,0.000888001,0.034175,0.00225814,0.0544877,0.00260843,0.0585422,0.0287493,0.0287493,
0.001622,0.104203,0.00347556,0.152173,0.00326879,0.147234,0.00074475,0.0656831,0.00187823,0.104023,0.00103306,0.0400918,5.08722e-05,0.00817979,0.0114545,0.122719,0.00144471,0.0435682,0.0249725,0.0249725,
6.2852e-05,0.0205124,0.000440685,0.0541864,7.68661e-05,0.0225779,4.34886e-06,0.00501922,0.00353302,0.142668,0.00288029,0.0669439,4.34753e-06,0.00239124,0.00254074,0.0577967,0.00229467,0.0549085,0.0118378,0.0118378,
0.00310526,0.14418,0.000742014,0.0703124,0.0024609,0.12775,0.00306901,0.133336,0.0108985,0.250575,0.00437283,0.0824848,0.0157633,0.143988,0.00621969,0.090429,0.000787443,0.0321654,0.0474189,0.0474189,
0.000217713,0.0381768,3.54075e-05,0.0153594,0.000892785,0.0769466,0.00269193,0.124876,0.000154326,0.0298177,0.00258664,0.0634396,0.000222758,0.0171166,0.00130887,0.0414831,0.000431225,0.023803,0.00854164,0.00854165,
0.000520044,0.0590034,0.00335097,0.149421,0.00340005,0.150162,2.45478e-05,0.0119249,0.00100898,0.0762422,0.000736682,0.0338558,0.000145996,0.0138571,0.00286003,0.0613209,0.00197327,0.0509182,0.0140206,0.0140206,
8.09103e-06,0.00735968,0.000410978,0.0523281,0.00411196,0.165136,0.00270832,0.125256,0.00121616,0.0837048,0.000337538,0.0229168,0.000158274,0.014428,0.000266271,0.0187105,0.000708611,0.0305129,0.00992621,0.00992621,
5.66054e-05,0.0194664,0.000238059,0.0398261,0.00167635,0.105438,0.00162959,0.0971602,0.00464098,0.163516,0.0150388,0.152967,0.00157149,0.045463,0.00546917,0.0847977,0.00141753,0.0431564,0.0317385,0.0317385,
9.14237e-05,0.0247392,0.00195342,0.114084,0.000758591,0.0709283,0.00238195,0.117467,0.010694,0.248213,0.00485092,0.086877,0.00423286,0.0746137,0.0118118,0.124618,0.00286575,0.0613619,0.0396407,0.0396407,
0.0016465,0.104988,0.000257519,0.0414219,0.00357883,0.154059,0.00139808,0.0899941,0.0020839,0.10957,0.000963576,0.03872,0.000131181,0.0131352,0.00840914,0.105148,0.000419474,0.0234764,0.0188882,0.0188882,
0.000565741,0.0615412,0.00338476,0.150172,0.000449084,0.0545732,0.00553266,0.179026,0.001164,0.0818901,0.000880078,0.0370044,0.00135924,0.0422815,0.0035247,0.0680745,0.000974366,0.03578,0.0178346,0.0178346,
0.00623903,0.204369,0.000530047,0.0594268,0.00377578,0.158241,0.0015254,0.0940027,0.000429872,0.049765,0.00198146,0.0555247,0.000839644,0.0332315,0.000162331,0.0146091,0.00216116,0.0532872,0.0176447,0.0176447,
0.00038546,0.050798,0.000446637,0.0545511,0.00133424,0.0940662,0.000471176,0.0522445,0.000495445,0.053426,0.00130917,0.0451327,6.01934e-05,0.00889767,0.000256262,0.0183555,6.35906e-05,0.00914063,0.00482218,0.00482218,
0.00143132,0.0978872,0.00212028,0.118856,6.08626e-05,0.0200905,0.00826781,0.218849,0.00588101,0.184069,0.0118724,0.135913,0.00138854,0.0427348,0.0118981,0.125073,0.00361877,0.0689541,0.0465391,0.0465391,
0.00196253,0.114621,0.0158067,0.324524,0.00178165,0.108699,0.0022659,0.11457,0.00412895,0.154232,0.0115593,0.134109,0.00346369,0.067495,0.00132106,0.0416758,0.00152544,0.0447689,0.0438152,0.0438152,
2.13425e-06,0.0037799,4.16701e-05,0.0166624,3.16898e-07,0.00144969,1.9752e-05,0.0106968,8.58258e-06,0.00703175,2.01257e-05,0.00559587,6.88653e-07,0.000951705,9.09864e-06,0.00345869,5.18851e-06,0.00261096,0.000107557,0.000107557,
0.00531053,0.18855,0.001915,0.112956,0.000275617,0.0427532,0.00276398,0.126537,0.00080941,0.0682871,0.00863983,0.115943,0.00425069,0.0747707,0.0015405,0.0450044,0.000451405,0.0243536,0.025957,0.025957,
0.00574544,0.196119,0.0034007,0.150525,0.00129045,0.0925094,0.00485669,0.167733,0.00473459,0.165156,0.00732293,0.106742,0.00433304,0.0754916,0.00729504,0.0979348,0.00409082,0.0733136,0.0430697,0.0430697,
0.000773958,0.0719806,0.0026906,0.133891,0.00298409,0.140677,0.00102584,0.0770882,0.00142534,0.0906177,0.0015011,0.0483279,0.00123431,0.0402915,0.000818436,0.0328032,0.00681205,0.0946059,0.0192657,0.0192657,
0.00256443,0.131025,0.00119021,0.0890506,0.00420133,0.16692,0.00302406,0.132356,0.000405726,0.0483471,0.000189166,0.0171559,0.00249393,0.0572722,0.00639105,0.0916663,0.00524754,0.0830343,0.0257074,0.0257074,
0.000342735,0.0479001,0.00418819,0.167047,0.000687142,0.0675055,0.00234547,0.116564,0.00954769,0.234533,0.000568043,0.0297292,0.00366034,0.0693845,0.00136961,0.0424348,0.00214396,0.0530747,0.0248532,0.0248532,
0.000242593,0.0402992,0.00347075,0.152068,0.00103043,0.0826655,0.00387399,0.149806,0.000904642,0.0721926,0.00214797,0.0578105,0.000171381,0.0150135,0.00126017,0.040704,0.00097478,0.0357876,0.0140767,0.0140767,
0.00114063,0.0873834,0.000254604,0.0411869,0.000437081,0.053839,0.00207854,0.109731,0.00072745,0.0647375,0.00109034,0.0411883,0.000313248,0.0202977,0.000213084,0.0167378,0.00130132,0.0413496,0.00755629,0.00755629,
0.000670113,0.0669778,0.000645544,0.0655826,0.000135462,0.0299726,0.00268619,0.124743,0.00077463,0.0668039,0.00194239,0.0549745,0.000349523,0.0214408,0.000752357,0.0314511,0.000920523,0.0347774,0.00887673,0.00887673,
0.00693276,0.215432,0.000832997,0.0744985,0.0051676,0.185123,0.00596618,0.185907,0.00111134,0.0800163,0.00349777,0.0737715,0.000136706,0.013409,0.00671247,0.0939431,0.00362407,0.0690046,0.0339819,0.0339819,
0.00153181,0.101265,0.0043264,0.169781,0.000816963,0.0736066,0.000150997,0.0295756,0.000639467,0.0606965,0.000138757,0.0146933,0.00179721,0.0486185,0.000551683,0.026932,0.00113079,0.0385452,0.0110841,0.0110841,
0.00120898,0.0899636,0.000493203,0.0573243,0.00117987,0.0884572,0.000255188,0.0384484,0.000240112,0.037193,0.000282814,0.020977,0.000178577,0.0153255,0.000541553,0.0266836,0.00324719,0.065318,0.00762749,0.00762749,
1.85215e-05,0.0111351,0.00713104,0.217973,0.0068952,0.21384,0.00549486,0.178413,0.00453854,0.161701,0.000364785,0.0238238,0.00112155,0.0384071,0.000647359,0.029174,0.00147341,0.0439988,0.0276853,0.0276853,
0.00824521,0.23494,0.00474336,0.177774,0.00253906,0.129763,0.00186102,0.10383,0.00419882,0.155531,0.00663037,0.101569,0.00515224,0.082319,0.00375548,0.0702678,0.000354142,0.0215709,0.0374797,0.0374797,
0.00040741,0.0522243,0.00112087,0.0864178,0.00111178,0.0858668,0.00173937,0.100379,0.000917351,0.072698,0.00174563,0.0521157,0.00275711,0.0602184,0.000265253,0.0186747,0.000590421,0.0278522,0.0106552,0.0106552,
0.010218,0.261541,0.000747286,0.0705617,0.00388925,0.160601,0.00929306,0.232021,0.00425321,0.156536,0.00268815,0.0646725,0.0028969,0.0617261,0.00238612,0.0560105,0.00272336,0.059818,0.0390954,0.0390954,
0.00716436,0.219001,0.00451953,0.173529,0.0023705,0.125382,0.0102957,0.244218,0.00190337,0.104717,0.00393164,0.0782131,0.00401511,0.0726693,0.00860044,0.106337,0.000295593,0.0197073,0.0430963,0.0430963,
0.00753727,0.224628,0.00189191,0.112273,0.000994072,0.0811942,0.000506761,0.0541814,0.00304215,0.132387,0.00154796,0.0490764,0.0141107,0.136231,0.000868315,0.033788,0.000768309,0.0317722,0.0312674,0.0312674,
0.00621147,0.203917,0.0114874,0.276654,0.00150691,0.0999676,0.0175404,0.318764,0.000113599,0.0255825,0.00235439,0.0605246,0.00208634,0.0523835,0.00408998,0.0733304,0.00072792,0.0309258,0.0461184,0.0461184,
0.0164814,0.332165,0.000930231,0.0787265,5.4461e-06,0.00600978,0.00946392,0.234145,0.00221174,0.112881,0.000347803,0.0232626,0.00278162,0.0604855,0.0046288,0.0780114,0.00759646,0.0999045,0.0444474,0.0444474,
0.00256259,0.130977,0.00533995,0.188623,0.000992392,0.0811255,0.00241108,0.118183,0.00335972,0.139125,0.00563098,0.0936019,0.00228655,0.0548393,0.00258412,0.0582881,0.00388815,0.0714745,0.0290555,0.0290555,
0.000198092,0.0364158,0.00185487,0.111169,0.0012423,0.0907673,0.000332771,0.0439057,0.000877805,0.0711137,0.000130925,0.0142727,0.000878876,0.033999,0.000917074,0.0347237,0.000860082,0.0336163,0.0072928,0.0072928,
0.00107768,0.084938,0.00239808,0.126403,0.000394953,0.0511786,0.000279909,0.0402677,0.00029355,0.041124,3.0971e-05,0.00694178,5.95921e-05,0.00885312,0.00118258,0.039431,0.00112829,0.0385025,0.0068456,0.0068456,
0.000121372,0.0285047,0.00319498,0.145901,0.00692144,0.214247,0.00537238,0.176414,0.00338285,0.139603,0.00334604,0.0721537,0.00440036,0.0760757,0.00185003,0.0493188,0.003279,0.0656372,0.0318685,0.0318684,
2.44227e-05,0.0127866,0.00439002,0.171025,0.000645943,0.0654505,0.000763541,0.0665066,0.00104361,0.0775395,0.000973014,0.0389092,0.000734398,0.0310791,0.00137232,0.0424767,0.000642072,0.029045,0.0105893,0.0105893,
0.000180737,0.0347841,0.00575805,0.195868,0.00141701,0.0969397,0.00669431,0.196925,0.0021001,0.109995,0.00353357,0.074148,0.00153253,0.044896,0.00131346,0.0415559,0.00778424,0.101132,0.030314,0.030314,
0.0136112,0.30186,0.00222394,0.121727,0.00173835,0.10737,0.00105797,0.0782862,0.00371248,0.146247,0.00112121,0.0417673,0.00347797,0.067634,0.00179584,0.0485912,0.00252708,0.057622,0.031266,0.031266,
0.000496321,0.0576419,0.00111902,0.0863466,0.000307265,0.0451411,7.03059e-05,0.0201811,0.000382729,0.046957,0.000429565,0.0258528,0.000341584,0.0211959,0.00129768,0.0413055,0.000368789,0.0220124,0.00481327,0.00481327,
0.00408736,0.165416,0.000204716,0.0369319,0.00389229,0.160664,9.53456e-05,0.0235017,0.00735098,0.205791,0.00770959,0.109524,0.00386619,0.0713089,0.00432107,0.0753736,0.0070436,0.0962004,0.0385711,0.0385712,
0.000190896,0.0357483,5.88874e-05,0.0198078,0.000483725,0.0566389,0.00016324,0.0307512,0.000867581,0.0706984,0.000403968,0.0250707,0.000916043,0.0347104,8.36026e-05,0.0104842,0.00130766,0.0414502,0.0044756,0.0044756,
0.00102376,0.0827859,7.30197e-05,0.022057,0.00158028,0.102372,0.000827657,0.0692427,0.00104357,0.0775381,3.09141e-05,0.00693539,0.00238306,0.0559847,0.000741037,0.0312136,0.000677315,0.0298315,0.00838061,0.00838061,
0.0010658,0.0844686,0.00436427,0.170522,0.00306101,0.142478,0.00636014,0.191947,0.00378074,0.147585,0.00200975,0.0559195,0.00177607,0.0483317,0.000708648,0.0305238,0.000488533,0.0253353,0.023615,0.023615,
0.00410381,0.165749,0.00112313,0.0865049,0.00303183,0.141797,0.00451602,0.161743,0.00438141,0.158877,0.00248535,0.0621851,0.00134361,0.0420377,0.00942468,0.111316,0.00577385,0.0870988,0.0361837,0.0361837,
0.00531673,0.18866,0.00547567,0.191005,0.0106592,0.265876,0.0016163,0.0967631,0.00176044,0.100708,0.0094208,0.12107,0.00175179,0.0480002,0.00254957,0.0578972,0.00225787,0.0544664,0.0408084,0.0408084,
0.00491545,0.1814,0.00666984,0.210806,0.00799507,0.230265,0.00121808,0.0840014,0.00167546,0.0982475,0.00967736,0.122708,0.000893607,0.0342827,0.0107975,0.119148,0.00123382,0.0402629,0.0450762,0.0450762,
0.000994395,0.0815899,0.000507157,0.0581296,0.00718424,0.218276,0.000951252,0.0742329,0.00517493,0.172666,0.000460749,0.0267747,0.00756901,0.099775,0.00208349,0.0523382,0.00295301,0.062289,0.0278782,0.0278782,
0.00250637,0.129533,0.000731901,0.0698316,0.00815872,0.232609,0.00439007,0.159472,0.00576315,0.182215,0.00285495,0.0666487,0.00414409,0.0738273,0.0104801,0.117383,0.00269922,0.0595523,0.0417286,0.0417286,
0.000340491,0.047743,2.65222e-05,0.0132932,0.000222526,0.0384155,3.62313e-05,0.0144874,6.37827e-06,0.00606186,3.2856e-05,0.0071499,4.02781e-06,0.00230164,2.8037e-05,0.0060714,5.36669e-06,0.00265542,0.000702436,0.000702437,
0.00402486,0.164147,0.0125591,0.289271,0.00823859,0.233745,0.00947574,0.234291,0.00199771,0.10728,0.00119488,0.0431176,0.00418095,0.0741549,0.000610322,0.0283272,0.00385133,0.0711352,0.0461335,0.0461335,
7.53305e-05,0.0224565,0.00118942,0.0890211,0.00230948,0.123758,0.000779953,0.0672176,0.00350618,0.142125,0.00178696,0.0527291,0.000775216,0.0319311,0.000151412,0.0141092,0.000558762,0.0270952,0.0111327,0.0111327,
0.00364057,0.156114,0.00728915,0.220376,0.00570582,0.194525,0.00112323,0.0806647,0.0126624,0.270093,0.00076836,0.034576,0.000721546,0.0308059,0.0051496,0.082283,0.00190283,0.050001,0.0389635,0.0389635,
0.000226023,0.0388985,0.000163786,0.0330343,0.00030874,0.0452493,0.000703213,0.0638252,0.00127188,0.0856006,0.000909178,0.0376112,0.000591919,0.0279019,0.000523316,0.0262304,0.0020281,0.0516207,0.00672615,0.00672615,
0.00942216,0.251149,0.00472475,0.177425,0.00347361,0.151777,0.00287861,0.129134,0.00085566,0.070211,0.00141877,0.0469838,0.00628741,0.0909364,0.00136129,0.0423057,0.00200964,0.0513853,0.0324319,0.0324319,
0.0064481,0.207765,0.00134607,0.0947022,0.00291814,0.139113,0.00541884,0.177175,0.000502706,0.053816,4.47126e-05,0.0083408,0.00601754,0.0889634,0.00436318,0.07574,0.00598911,0.0887075,0.0330484,0.0330484,
0.00186739,0.111808,0.000791601,0.0726238,0.00491886,0.180613,0.00053066,0.0554443,3.45637e-05,0.0141112,0.000271252,0.0205437,0.00245453,0.056818,0.00162869,0.0462746,0.00127527,0.0409337,0.0137728,0.0137728,
1.78872e-05,0.0109428,0.00100348,0.0817672,0.000475796,0.0561728,0.000103945,0.0245386,0.0012126,0.0835821,9.16199e-05,0.0119395,0.000301567,0.0199156,0.000401113,0.0229645,0.000146019,0.0138511,0.00375402,0.00375402,
0.00093425,0.0790839,0.00078293,0.0722249,0.000370905,0.049596,0.000528621,0.0553377,0.000546331,0.0561025,0.000124148,0.0138983,0.00138028,0.0426074,0.000540475,0.026657,1.43839e-05,0.00434729,0.00522232,0.00522232,
0.00213001,0.119412,0.00303266,0.142147,0.0151835,0.317324,0.00358697,0.144149,0.00106949,0.0784952,0.00102937,0.0400202,0.00513983,0.0822198,0.00120188,0.0397515,0.00651638,0.09253,0.0388901,0.0388901,
0.000578894,0.0622524,0.0119753,0.282467,0.00291269,0.138984,0.00678568,0.198265,0.000482697,0.0527341,0.00626071,0.0986971,0.00529016,0.0834135,0.00572809,0.0867817,7.81876e-05,0.0101356,0.0400924,0.0400924,
0.00417423,0.167165,0.00731991,0.22084,0.000955858,0.0796182,0.00055299,0.0565988,0.00564179,0.180286,0.00432344,0.0820176,0.00337271,0.0666027,0.00238883,0.0560423,0.00220162,0.0537837,0.0309314,0.0309314,
0.000528125,0.0594601,0.00912897,0.246625,0.00124563,0.0908887,0.00371558,0.146711,0.000653411,0.0613547,0.00116789,0.0426278,0.00166929,0.0468563,0.00140077,0.0429148,0.00231667,0.0551711,0.0218263,0.0218263,
0.00102649,0.0828961,0.00178357,0.109011,0.000378464,0.0500989,0.00252533,0.120951,0.00219082,0.112346,0.00387894,0.0776872,0.00273646,0.0599924,0.000971609,0.0357412,0.00562858,0.0859962,0.0211203,0.0211203,
0.00705441,0.217314,0.000146297,0.0312208,0.00271416,0.134163,0.00420601,0.156093,0.00554383,0.178714,0.00359785,0.0748194,0.000545431,0.0267838,0.00024509,0.0179509,0.0084813,0.105563,0.0325344,0.0325344,
5.65307e-05,0.0194536,0.000987784,0.0811254,0.00171287,0.106581,0.00861895,0.223448,0.000984214,0.0753007,0.0131469,0.143022,0.00346613,0.0675188,0.0007482,0.0313641,0.00705149,0.0962543,0.036773,0.036773,
0.00165378,0.105219,0.00253605,0.129988,0.000392782,0.0510378,0.00180697,0.102311,0.000237194,0.0369663,0.00262576,0.0639175,0.000909366,0.0345837,0.00186953,0.0495781,0.00184475,0.0492321,0.0138762,0.0138762,
0.00771296,0.227231,0.00180348,0.109618,0.000791406,0.0724462,0.00430298,0.157882,0.00174881,0.100375,0.0016758,0.0510628,0.00745592,0.0990268,0.00224063,0.0542761,0.00424307,0.0746654,0.0319751,0.0319751,
0.00316521,0.145565,0.00344651,0.151536,0.000696729,0.0679748,0.000914453,0.0727829,0.00190757,0.104832,0.00114487,0.0422056,0.00217475,0.0534819,0.00459925,0.0777619,0.0131274,0.131331,0.0311767,0.0311767,
0.00184206,0.111047,0.000208385,0.0372614,8.05847e-05,0.0231176,0.000210445,0.0349155,0.00155612,0.094684,0.000420259,0.0255712,0.00124452,0.0404579,0.00321224,0.0649871,0.000530096,0.0263911,0.00930471,0.0093047,
0.00537458,0.189683,0.00448918,0.172945,0.0028433,0.137318,0.00464124,0.163971,0.00207693,0.109387,0.000725609,0.0336004,0.00341183,0.0669878,0.00265386,0.0590694,0.00401087,0.0725937,0.0302274,0.0302274,
6.91417e-06,0.00680341,0.00278196,0.136145,0.00198098,0.114619,0.00640205,0.192579,0.00101217,0.0763625,0.00216409,0.0580271,0.0127601,0.129548,0.00175969,0.0480997,0.0151858,0.141253,0.0440537,0.0440537,
0.00487179,0.180593,0.00532266,0.188317,0.00477934,0.178033,0.000582173,0.0580731,0.00508465,0.171153,0.000373906,0.0241198,6.33415e-05,0.00912738,0.00511744,0.0820256,0.00158583,0.0456466,0.0277811,0.0277811,
5.45707e-05,0.0191133,0.000694226,0.0680105,0.000621514,0.0642009,0.000831671,0.0694104,0.000290756,0.0409278,0.000603521,0.0306435,0.00246038,0.0568857,0.000129828,0.0130649,0.000396072,0.0228122,0.00608254,0.00608254,
7.6884e-05,0.0226869,0.000118326,0.0280779,0.000570585,0.0615143,4.47985e-05,0.0161094,0.000264722,0.0390525,0.000994662,0.0393397,0.00102762,0.0367637,2.65226e-06,0.00186738,0.00020087,0.0162456,0.00330112,0.00330112,
0.0041456,0.166591,0.00175176,0.108035,0.000650579,0.065685,0.00187034,0.10409,0.00850657,0.221377,0.00700693,0.104413,0.00813821,0.103459,0.00233896,0.0554543,0.000755211,0.0315002,0.0351642,0.0351642,
0.00238065,0.126242,0.00115754,0.0878201,0.00187986,0.111655,0.000795851,0.0678992,0.00206654,0.109113,0.000312505,0.0220506,0.0009141,0.0346736,0.000640037,0.0290086,0.00421046,0.074378,0.0143576,0.0143575,
0.00737413,0.222184,0.00303617,0.142229,0.00158587,0.102553,0.00555035,0.179312,0.00693062,0.199821,0.0011781,0.0428138,0.00341984,0.0670664,0.000945891,0.035265,0.00389922,0.0715761,0.0339202,0.0339202,
0.0018331,0.110777,0.00018236,0.034857,0.000925045,0.0783244,0.00235489,0.116798,0.000580631,0.0578368,0.000145217,0.0150315,0.00012632,0.0128896,0.00111356,0.038263,0.00098779,0.0360256,0.00824891,0.00824891,
0.00324834,0.147465,0.00418384,0.16696,0.00197445,0.11443,0.00204629,0.108876,0.00423267,0.156157,0.00730032,0.106577,0.0202699,0.163278,0.000965093,0.0356212,0.00327218,0.0655689,0.0474931,0.0474931,
0.000793973,0.0729054,0.000594667,0.0629452,0.000756546,0.0708327,0.000804102,0.0682502,0.000834336,0.0693306,0.000261662,0.0201773,0.00199162,0.0511806,0.000280335,0.0191983,0.00026564,0.0186821,0.00658288,0.00658288,
0.000264047,0.0420434,8.53498e-05,0.0238466,2.59082e-05,0.0131079,0.000594777,0.0586983,8.17361e-05,0.0217001,0.00031472,0.0221286,0.000113458,0.0122157,0.000833676,0.0331072,0.000213111,0.0167333,0.00252678,0.00252678,
1.50948e-05,0.0100524,2.82721e-05,0.0137247,1.82181e-05,0.0109918,0.000382008,0.0470419,1.8919e-05,0.0104401,8.29359e-06,0.00359223,2.44367e-05,0.00566922,3.73751e-05,0.00700995,3.18185e-05,0.00646576,0.000564436,0.000564436,
0.00142063,0.0975208,0.000273003,0.042649,0.000218277,0.038047,0.000148079,0.0292884,0.00116142,0.0817992,0.000222575,0.0186093,0.000210846,0.0166527,0.000727287,0.0309226,0.00150443,0.0444595,0.00588654,0.00588654,
0.000319503,0.0462482,0.0112218,0.273437,0.00221115,0.121095,0.0175628,0.318967,0.0023385,0.116071,0.000536481,0.0288915,0.00807864,0.103079,0.00250357,0.0573724,0.00208836,0.052382,0.0468608,0.0468608,
0.00764117,0.226171,0.00136752,0.0954535,0.00567262,0.193958,0.00365384,0.145487,0.00281738,0.127402,0.00277614,0.0657224,0.00126964,0.0408642,0.00591289,0.0881705,0.0148456,0.139662,0.0459568,0.0459568,
0.00898021,0.245189,0.00311234,0.144002,0.00216297,0.119768,0.00679612,0.198417,0.000285046,0.040524,0.000196991,0.0175072,0.00537706,0.0840958,0.000467807,0.0248003,0.00341625,0.0669968,0.0307948,0.0307948,
0.00276865,0.136142,0.0018085,0.10977,0.00121713,0.089843,0.00176126,0.101009,0.00158453,0.0955444,0.00570385,0.0942056,0.00286105,0.061343,0.00027908,0.0191553,0.00252039,0.0575458,0.0205044,0.0205044,
0.00284107,0.137911,0.00103825,0.0831719,0.00184348,0.110569,0.000288253,0.0408635,0.011051,0.252322,0.00195668,0.0551764,0.000515618,0.0260415,0.0010618,0.0373633,0.00506458,0.0815739,0.0256608,0.0256608,
0.00362976,0.155882,0.00125075,0.0912876,0.000899566,0.0772382,0.00201857,0.108136,0.0014602,0.0917194,4.74512e-05,0.00859244,0.0016689,0.0468508,0.00036454,0.0218925,0.00851607,0.105779,0.0198558,0.0198558,
0.00148997,0.0998726,0.000253457,0.0410939,0.00896219,0.243794,0.00547186,0.178039,0.00768276,0.210384,0.00178677,0.0527263,0.00505894,0.0815703,0.00141034,0.0430612,0.00178219,0.0483901,0.0338985,0.0338985,
0.00505692,0.183992,0.00496833,0.181941,0.00316736,0.144932,0.00607395,0.187579,0.00110886,0.0799268,0.00149337,0.0482033,0.0132856,0.132188,0.00336321,0.0664968,0.00232641,0.0552869,0.040844,0.040844,
0.0030788,0.143565,0.00212661,0.119034,0.00506398,0.183258,0.00584768,0.184052,0.00320816,0.135951,0.00967067,0.122665,0.00313924,0.0642561,0.00285915,0.0613115,0.00428098,0.0749982,0.0392753,0.0392753,
4.62008e-05,0.0175866,4.23408e-05,0.016796,3.70732e-05,0.01568,0.000441578,0.0505769,0.000375575,0.0465161,0.00029544,0.0214401,0.000204622,0.0164051,0.000191345,0.015861,0.000403362,0.0230211,0.00203754,0.00203754,
0.0104122,0.264014,0.000959875,0.0799711,0.000319573,0.0460363,0.00464465,0.164031,0.00294248,0.1302,0.00183496,0.0534326,0.00120821,0.0398633,0.000374364,0.0221856,0.0160742,0.145326,0.0387704,0.0387704,
0.00208973,0.118277,0.000432783,0.0536983,0.00173362,0.107224,0.00116445,0.0821313,0.00232683,0.115781,0.00332675,0.0719454,0.000122068,0.0126708,0.000610577,0.0283331,0.000996017,0.0361754,0.0128028,0.0128028,
0.000426052,0.0534058,0.000851171,0.0753068,0.000313106,0.0455682,0.000836046,0.0695927,0.00201976,0.107871,0.00161125,0.0500697,0.0051279,0.0821243,0.000363657,0.021866,0.00127225,0.0408852,0.0128212,0.0128212,
5.31065e-05,0.0188552,1.93065e-05,0.0113417,1.88406e-05,0.011178,0.000104638,0.0246203,8.77218e-06,0.00710899,0.000162833,0.0159171,1.52311e-05,0.00447577,3.90441e-05,0.00716475,2.81918e-05,0.00608613,0.000449964,0.000449964,
